1,-87.55
2,-76.24
3,-79.87
4,-86.01
5,-97.97
6,-83.29
7,-83.13
8,-86.44
9,-82.57
10,-89.63
11,-96.01
12,-85.08
13,-88.00
14,-93.27
15,-84.94
16,-80.84
17,-97.53
18,-81.27
19,-80.18
20,-83.82
21,-87.50
22,-83.05
23,-91.94
24,-88.71
25,-87.94
26,-88.93
27,-85.29
28,-84.92
29,-80.62
30,-77.70
31,-80.26
32,-92.53
33,-84.38
34,-79.50
35,-83.62
36,-84.60
37,-84.28
38,-89.00
39,-74.00
40,-76.02
41,-94.80
42,-82.73
43,-83.61
44,-77.09
45,-82.92
46,-89.82
47,-84.89
48,-87.22
49,-95.09
50,-87.85
51,-95.23
52,-83.04
53,-79.58
54,-76.03
55,-84.91
56,-78.37
57,-81.13
58,-80.85
59,-85.70
60,-73.58
61,-84.36
62,-93.94
63,-85.94
64,-85.05
65,-75.38
66,-74.30
67,-91.95
68,-79.03
69,-77.13
70,-84.51
71,-93.42
72,-88.09
73,-75.38
74,-69.52
75,-79.43
76,-82.66
77,-86.63
78,-74.28
79,-77.74
80,-87.73
81,-82.51
82,-93.03
83,-89.14
84,-92.08
85,-91.02
86,-79.08
87,-89.13
88,-82.81
89,-80.47
90,-68.96
91,-85.18
92,-84.40
93,-81.19
94,-92.27
95,-79.36
96,-81.54
97,-78.96
98,-79.32
99,-83.43
100,-85.10
101,-85.94
102,-88.39
103,-97.23
104,-85.32
105,-77.62
106,-96.31
107,-82.97
108,-78.52
109,-83.07
110,-89.38
111,-81.68
112,-78.66
113,-88.11
114,-84.01
115,-94.26
116,-79.80
117,-83.74
118,-91.33
119,-94.07
120,-89.58
121,-79.45
122,-83.32
123,-88.71
124,-81.77
125,-94.73
126,-79.05
127,-88.40
128,-95.85
129,-86.96
130,-82.01
131,-85.86
132,-88.82
133,-80.36
134,-80.07
135,-78.94
136,-72.22
137,-92.70
138,-77.05
139,-84.06
140,-82.83
141,-82.73
142,-88.02
143,-87.61
144,-78.30
145,-80.23
146,-83.07
147,-79.87
148,-80.06
149,-72.86
150,-92.06
151,-82.15
152,-78.33
153,-76.93
154,-88.08
155,-74.28
156,-69.23
157,-86.49
158,-91.82
159,-73.29
160,-77.99
161,-73.98
162,-91.88
163,-90.61
164,-88.30
165,-75.05
166,-90.56
167,-86.64
168,-80.59
169,-92.61
170,-84.57
171,-85.87
172,-84.38
173,-96.04
174,-83.28
175,-82.08
176,-94.50
177,-81.69
178,-85.22
179,-84.66
180,-84.08
181,-76.12
182,-90.31
183,-94.54
184,-76.48
185,-87.77
186,-83.96
187,-87.89
188,-91.58
189,-69.20
190,-84.24
191,-93.85
192,-93.09
193,-73.99
194,-76.25
195,-85.56
196,-86.21
197,-90.43
198,-89.53
199,-90.67
200,-92.27
201,-78.44
202,-78.54
203,-83.27
204,-71.11
205,-99.26
206,-98.52
207,-77.22
208,-77.66
209,-91.84
210,-77.96
211,-82.01
212,-81.00
213,-95.92
214,-86.14
215,-84.59
216,-89.43
217,-90.70
218,-90.38
219,-79.50
220,-76.95
221,-90.24
222,-95.01
223,-96.73
224,-89.75
225,-84.66
226,-79.23
227,-92.77
228,-88.87
229,-80.50
230,-93.15
231,-91.77
232,-95.34
233,-90.49
234,-86.88
235,-87.38
236,-96.15
237,-73.89
238,-78.23
239,-87.81
240,-80.56
241,-87.72
242,-75.25
243,-90.13
244,-92.38
245,-73.26
246,-84.92
247,-76.78
248,-79.70
249,-94.57
250,-93.84
251,-72.84
252,-86.12
253,-83.35
254,-80.96
255,-75.39
256,-90.31
257,-86.96
258,-101.50
259,-85.57
260,-86.47
261,-84.33
262,-83.12
263,-79.75
264,-83.14
265,-78.65
266,-79.53
267,-83.39
268,-82.58
269,-85.48
270,-96.06
271,-81.41
272,-81.43
273,-96.39
274,-70.71
275,-89.78
276,-88.49
277,-80.38
278,-92.45
279,-86.47
280,-72.33
281,-75.64
282,-89.55
283,-92.59
284,-83.15
285,-88.18
286,-78.26
287,-93.10
288,-91.69
289,-81.54
290,-89.51
291,-87.34
292,-95.10
293,-82.87
294,-82.57
295,-84.13
296,-90.95
297,-91.62
298,-85.84
299,-83.98
300,-83.91
301,-75.40
302,-70.15
303,-82.56
304,-82.48
305,-80.30
306,-69.42
307,-81.52
308,-88.16
309,-92.61
310,-87.26
311,-88.95
312,-72.06
313,-86.68
314,-87.95
315,-83.83
316,-83.14
317,-76.21
318,-76.31
319,-84.87
320,-85.96
321,-87.79
322,-80.87
323,-88.84
324,-81.43
325,-81.85
326,-83.42
327,-78.33
328,-93.42
329,-82.06
330,-85.16
331,-79.54
332,-77.37
333,-94.46
334,-81.07
335,-88.71
336,-71.99
337,-88.33
338,-77.55
339,-77.42
340,-89.43
341,-90.66
342,-81.54
343,-76.81
344,-86.42
345,-86.32
346,-80.47
347,-79.23
348,-77.34
349,-89.63
350,-67.77
351,-89.96
352,-73.47
353,-90.09
354,-92.03
355,-77.62
356,-86.38
357,-91.39
358,-89.30
359,-79.65
360,-91.54
361,-77.84
362,-88.27
363,-75.37
364,-68.10
365,-86.29
366,-91.22
367,-97.73
368,-74.41
369,-85.17
370,-77.66
371,-82.38
372,-86.85
373,-73.28
374,-82.49
375,-86.16
376,-90.66
377,-80.38
378,-80.83
379,-90.27
380,-88.84
381,-81.00
382,-89.69
383,-97.58
384,-75.11
385,-82.92
386,-95.50
387,-78.89
388,-92.33
389,-86.20
390,-85.17
391,-88.33
392,-86.24
393,-85.19
394,-84.93
395,-78.88
396,-86.22
397,-85.38
398,-90.16
399,-76.75
400,-80.95
401,-84.22
402,-84.25
403,-78.01
404,-88.47
405,-80.15
406,-74.08
407,-76.20
408,-75.19
409,-98.73
410,-90.89
411,-90.64
412,-88.65
413,-92.99
414,-91.29
415,-82.58
416,-81.63
417,-71.76
418,-93.12
419,-90.26
420,-83.74
421,-82.35
422,-91.46
423,-83.77
424,-83.60
425,-96.11
426,-84.20
427,-86.39
428,-79.18
429,-87.12
430,-89.36
431,-92.32
432,-87.54
433,-82.15
434,-99.13
435,-90.27
436,-85.49
437,-84.50
438,-87.54
439,-69.58
440,-82.37
441,-82.35
442,-86.79
443,-86.11
444,-74.22
445,-87.88
446,-81.10
447,-91.42
448,-90.05
449,-89.01
450,-82.65
451,-79.14
452,-68.54
453,-87.62
454,-72.05
455,-91.56
456,-83.14
457,-83.42
458,-74.49
459,-79.54
460,-80.49
461,-98.18
462,-89.50
463,-84.25
464,-80.19
465,-89.81
466,-84.97
467,-86.77
468,-81.11
469,-82.24
470,-79.36
471,-91.42
472,-82.13
473,-85.94
474,-91.98
475,-86.82
476,-80.06
477,-71.52
478,-81.10
479,-88.61
480,-80.67
481,-93.32
482,-92.95
483,-91.04
484,-84.13
485,-90.27
486,-98.90
487,-84.28
488,-75.95
489,-91.94
490,-90.92
491,-89.45
492,-92.23
493,-85.89
494,-92.11
495,-89.32
496,-80.62
497,-74.86
498,-89.55
499,-83.96
500,-83.00
501,-93.34
502,-82.44
503,-73.99
504,-78.90
505,-91.61
506,-91.71
507,-92.59
508,-82.79
509,-91.60
510,-85.87
511,-84.24
512,-81.25
513,-92.39
514,-78.74
515,-89.02
516,-96.20
517,-79.15
518,-77.42
519,-80.81
520,-83.15
521,-73.40
522,-82.45
523,-86.93
524,-85.09
525,-95.64
526,-85.57
527,-83.39
528,-90.14
529,-93.45
530,-83.94
531,-82.36
532,-91.82
533,-90.87
534,-89.80
535,-90.24
536,-83.61
537,-91.98
538,-87.31
539,-89.56
540,-93.58
541,-91.62
542,-85.22
543,-89.48
544,-87.63
545,-85.48
546,-83.59
547,-87.06
548,-94.75
549,-87.37
550,-88.68
551,-81.88
552,-83.33
553,-89.49
554,-102.25
555,-89.91
556,-88.09
557,-86.45
558,-92.96
559,-72.03
560,-94.30
561,-85.56
562,-90.59
563,-88.78
564,-74.31
565,-84.69
566,-80.81
567,-83.68
568,-86.33
569,-87.68
570,-86.47
571,-93.32
572,-72.32
573,-79.96
574,-81.40
575,-90.03
576,-82.66
577,-98.82
578,-85.87
579,-89.67
580,-87.20
581,-87.63
582,-89.47
583,-89.97
584,-80.27
585,-90.17
586,-92.51
587,-73.05
588,-85.70
589,-90.32
590,-85.83
591,-73.24
592,-73.56
593,-90.76
594,-95.13
595,-88.32
596,-77.74
597,-91.07
598,-81.89
599,-87.66
600,-77.39
601,-88.04
602,-85.95
603,-83.51
604,-89.38
605,-91.66
606,-88.42
607,-90.77
608,-91.21
609,-95.32
610,-94.32
611,-85.02
612,-92.45
613,-67.24
614,-72.16
615,-85.89
616,-85.83
617,-78.43
618,-94.49
619,-83.96
620,-87.76
621,-87.62
622,-89.69
623,-82.76
624,-83.23
625,-96.29
626,-85.32
627,-90.69
628,-91.79
629,-88.25
630,-99.34
631,-83.21
632,-85.28
633,-95.60
634,-73.13
635,-86.72
636,-77.34
637,-78.20
638,-89.66
639,-88.39
640,-72.28
641,-78.08
642,-86.27
643,-83.16
644,-73.69
645,-70.75
646,-74.63
647,-87.48
648,-87.34
649,-75.33
650,-94.20
651,-83.93
652,-85.88
653,-83.04
654,-83.80
655,-94.71
656,-83.80
657,-69.19
658,-87.75
659,-78.92
660,-91.01
661,-76.48
662,-74.50
663,-87.25
664,-74.69
665,-88.54
666,-87.22
667,-86.57
668,-92.59
669,-78.88
670,-70.74
671,-88.84
672,-84.31
673,-85.22
674,-86.27
675,-80.78
676,-78.35
677,-79.63
678,-81.11
679,-85.94
680,-88.24
681,-86.90
682,-92.95
683,-92.15
684,-77.12
685,-84.97
686,-83.24
687,-82.63
688,-90.48
689,-87.34
690,-79.25
691,-82.09
692,-82.02
693,-87.48
694,-87.53
695,-67.78
696,-86.81
697,-91.70
698,-85.12
699,-93.69
700,-85.53
701,-90.18
702,-91.19
703,-85.38
704,-85.73
705,-86.08
706,-89.17
707,-86.11
708,-91.01
709,-81.44
710,-94.28
711,-75.50
712,-93.40
713,-90.96
714,-83.89
715,-81.99
716,-86.95
717,-82.22
718,-93.86
719,-85.20
720,-87.00
721,-94.50
722,-89.38
723,-78.74
724,-90.89
725,-80.63
726,-84.17
727,-79.08
728,-96.64
729,-89.63
730,-81.24
731,-84.02
732,-79.62
733,-79.85
734,-89.79
735,-91.13
736,-98.22
737,-83.11
738,-90.14
739,-75.01
740,-86.41
741,-88.15
742,-89.38
743,-88.63
744,-82.33
745,-82.89
746,-88.81
747,-88.16
748,-87.93
749,-82.84
750,-79.85
751,-92.39
752,-86.66
753,-91.06
754,-87.40
755,-97.42
756,-82.92
757,-71.54
758,-87.97
759,-87.76
760,-81.96
761,-81.91
762,-85.66
763,-74.76
764,-90.93
765,-96.29
766,-78.01
767,-90.65
768,-83.76
769,-90.77
770,-92.51
771,-84.91
772,-78.67
773,-83.73
774,-86.39
775,-81.39
776,-82.37
777,-69.36
778,-79.79
779,-81.39
780,-87.84
781,-82.64
782,-82.09
783,-82.19
784,-96.17
785,-86.36
786,-76.94
787,-85.72
788,-86.64
789,-84.31
790,-90.62
791,-90.75
792,-89.79
793,-93.65
794,-87.87
795,-85.07
796,-73.73
797,-86.74
798,-83.19
799,-84.67
800,-87.49
801,-96.61
802,-83.50
803,-89.73
804,-82.62
805,-91.37
806,-91.33
807,-81.14
808,-81.40
809,-78.45
810,-87.45
811,-81.61
812,-85.71
813,-94.03
814,-76.07
815,-85.64
816,-92.33
817,-81.08
818,-89.47
819,-88.56
820,-88.28
821,-91.15
822,-87.73
823,-81.87
824,-91.66
825,-83.23
826,-71.15
827,-79.92
828,-84.64
829,-79.87
830,-81.68
831,-78.68
832,-83.63
833,-85.35
834,-78.39
835,-81.20
836,-76.16
837,-87.03
838,-81.55
839,-90.80
840,-85.08
841,-84.36
842,-87.31
843,-92.17
844,-89.77
845,-93.31
846,-90.92
847,-86.50
848,-87.14
849,-88.61
850,-95.45
851,-75.19
852,-76.41
853,-95.09
854,-78.83
855,-74.81
856,-76.54
857,-89.34
858,-88.86
859,-98.93
860,-75.74
861,-87.97
862,-84.48
863,-86.12
864,-98.69
865,-86.65
866,-76.85
867,-81.79
868,-82.16
869,-83.87
870,-75.02
871,-81.25
872,-77.93
873,-84.50
874,-87.45
875,-81.10
876,-81.95
877,-88.59
878,-89.00
879,-81.35
880,-81.71
881,-78.72
882,-78.30
883,-85.26
884,-87.70
885,-87.55
886,-91.02
887,-87.05
888,-95.39
889,-79.40
890,-80.94
891,-96.99
892,-88.45
893,-94.73
894,-87.76
895,-83.22
896,-81.09
897,-97.69
898,-79.32
899,-75.99
900,-89.12
901,-77.76
902,-89.17
903,-90.22
904,-90.63
905,-93.61
906,-83.45
907,-94.84
908,-86.93
909,-85.85
910,-92.51
911,-81.83
912,-80.56
913,-86.54
914,-80.92
915,-84.28
916,-92.49
917,-79.64
918,-77.28
919,-84.43
920,-75.73
921,-92.38
922,-79.88
923,-70.51
924,-80.13
925,-82.74
926,-88.89
927,-80.01
928,-82.17
929,-81.24
930,-79.83
931,-77.32
932,-86.29
933,-70.81
934,-90.68
935,-79.58
936,-92.64
937,-82.17
938,-87.91
939,-86.07
940,-89.44
941,-86.49
942,-94.15
943,-83.91
944,-80.26
945,-85.07
946,-84.08
947,-76.68
948,-90.77
949,-85.04
950,-87.34
951,-83.57
952,-72.60
953,-83.31
954,-83.91
955,-81.59
956,-84.12
957,-90.37
958,-91.08
959,-83.66
960,-95.24
961,-84.83
962,-83.91
963,-90.18
964,-84.74
965,-84.39
966,-88.17
967,-97.95
968,-82.00
969,-94.12
970,-88.48
971,-85.38
972,-88.40
973,-92.68
974,-81.82
975,-87.18
976,-87.85
977,-91.78
978,-77.07
979,-81.60
980,-87.79
981,-100.07
982,-91.38
983,-84.84
984,-83.03
985,-87.48
986,-72.95
987,-85.63
988,-82.12
989,-89.75
990,-87.21
991,-84.76
992,-75.70
993,-86.86
994,-86.53
995,-87.46
996,-84.81
997,-90.81
998,-75.33
999,-85.38
1000,-79.19
1001,-86.95
1002,-93.65
1003,-86.60
1004,-80.38
1005,-87.98
1006,-78.86
1007,-93.59
1008,-84.87
1009,-100.75
1010,-98.16
1011,-81.66
1012,-88.31
1013,-78.72
1014,-85.72
1015,-89.06
1016,-86.23
1017,-81.52
1018,-84.13
1019,-88.07
1020,-93.06
1021,-83.18
1022,-95.21
1023,-82.42
1024,-86.39
1025,-79.57
1026,-92.94
1027,-81.83
1028,-81.61
1029,-98.05
1030,-94.02
1031,-94.52
1032,-86.43
1033,-86.94
1034,-87.91
1035,-95.39
1036,-80.52
1037,-89.86
1038,-82.23
1039,-79.44
1040,-95.14
1041,-92.38
1042,-99.81
1043,-94.48
1044,-79.00
1045,-85.33
1046,-83.78
1047,-78.87
1048,-91.57
1049,-77.51
1050,-78.98
1051,-81.69
1052,-94.03
1053,-88.57
1054,-86.64
1055,-82.63
1056,-83.55
1057,-82.61
1058,-91.22
1059,-92.58
1060,-87.17
1061,-80.38
1062,-95.91
1063,-83.79
1064,-88.76
1065,-79.67
1066,-86.89
1067,-88.64
1068,-86.53
1069,-80.36
1070,-79.28
1071,-87.08
1072,-90.23
1073,-94.71
1074,-86.53
1075,-88.29
1076,-89.56
1077,-79.44
1078,-85.14
1079,-87.43
1080,-91.60
1081,-74.30
1082,-68.15
1083,-97.17
1084,-91.76
1085,-81.51
1086,-80.18
1087,-81.36
1088,-77.36
1089,-77.69
1090,-82.86
1091,-92.84
1092,-75.44
1093,-87.34
1094,-80.68
1095,-78.04
1096,-74.21
1097,-84.10
1098,-86.44
1099,-88.25
1100,-87.76
1101,-80.23
1102,-84.50
1103,-92.06
1104,-78.48
1105,-98.01
1106,-83.14
1107,-83.03
1108,-82.75
1109,-80.04
1110,-85.75
1111,-80.41
1112,-95.16
1113,-87.97
1114,-87.06
1115,-87.38
1116,-89.10
1117,-91.53
1118,-93.62
1119,-92.12
1120,-92.18
1121,-83.09
1122,-86.74
1123,-87.30
1124,-88.02
1125,-80.79
1126,-81.01
1127,-86.59
1128,-79.52
1129,-86.57
1130,-86.66
1131,-83.16
1132,-79.19
1133,-81.18
1134,-87.91
1135,-77.27
1136,-102.19
1137,-93.57
1138,-84.04
1139,-77.30
1140,-84.92
1141,-83.65
1142,-80.52
1143,-83.77
1144,-85.61
1145,-79.13
1146,-93.64
1147,-88.81
1148,-94.23
1149,-85.91
1150,-87.59
1151,-86.13
1152,-80.37
1153,-92.52
1154,-86.67
1155,-91.25
1156,-84.63
1157,-88.14
1158,-82.39
1159,-89.39
1160,-87.19
1161,-69.28
1162,-84.35
1163,-90.17
1164,-81.64
1165,-86.69
1166,-91.33
1167,-94.37
1168,-73.54
1169,-78.55
1170,-90.88
1171,-84.98
1172,-86.08
1173,-73.92
1174,-79.86
1175,-85.55
1176,-85.39
1177,-78.18
1178,-88.34
1179,-89.72
1180,-99.07
1181,-92.59
1182,-86.91
1183,-87.45
1184,-80.63
1185,-96.30
1186,-88.76
1187,-79.97
1188,-85.94
1189,-97.74
1190,-92.74
1191,-84.89
1192,-84.25
1193,-89.73
1194,-82.37
1195,-93.02
1196,-80.34
1197,-86.47
1198,-84.76
1199,-82.44
1200,-77.06
1201,-90.45
1202,-89.59
1203,-82.92
1204,-89.42
1205,-82.26
1206,-79.12
1207,-82.25
1208,-87.14
1209,-88.24
1210,-74.93
1211,-91.50
1212,-78.13
1213,-86.60
1214,-83.37
1215,-79.70
1216,-84.45
1217,-77.74
1218,-86.06
1219,-84.39
1220,-92.42
1221,-81.93
1222,-86.72
1223,-93.26
1224,-77.43
1225,-79.18
1226,-91.51
1227,-87.68
1228,-83.86
1229,-77.15
1230,-82.66
1231,-80.26
1232,-83.23
1233,-86.03
1234,-83.75
1235,-74.93
1236,-83.80
1237,-82.60
1238,-74.16
1239,-95.88
1240,-84.66
1241,-82.86
1242,-92.44
1243,-77.72
1244,-81.87
1245,-75.89
1246,-90.56
1247,-91.00
1248,-84.39
1249,-78.85
1250,-92.32
1251,-84.69
1252,-79.61
1253,-86.45
1254,-77.99
1255,-89.74
1256,-81.37
1257,-90.57
1258,-86.24
1259,-74.35
1260,-82.11
1261,-89.00
1262,-78.16
1263,-85.10
1264,-81.23
1265,-83.47
1266,-85.93
1267,-79.75
1268,-84.76
1269,-91.57
1270,-80.79
1271,-82.31
1272,-85.01
1273,-87.55
1274,-84.94
1275,-74.91
1276,-85.22
1277,-87.57
1278,-82.29
1279,-77.78
1280,-86.53
1281,-93.68
1282,-81.44
1283,-92.95
1284,-79.17
1285,-75.03
1286,-91.84
1287,-80.80
1288,-90.78
1289,-85.85
1290,-90.65
1291,-84.00
1292,-94.81
1293,-87.06
1294,-82.33
1295,-87.28
1296,-87.25
1297,-80.74
1298,-81.01
1299,-80.92
1300,-91.86
1301,-84.00
1302,-93.53
1303,-87.53
1304,-82.96
1305,-85.02
1306,-79.31
1307,-86.80
1308,-81.40
1309,-78.15
1310,-96.69
1311,-81.13
1312,-77.87
1313,-85.73
1314,-83.96
1315,-86.62
1316,-87.61
1317,-82.53
1318,-84.05
1319,-81.48
1320,-90.26
1321,-85.70
1322,-97.81
1323,-77.56
1324,-81.38
1325,-86.60
1326,-94.86
1327,-71.94
1328,-74.28
1329,-94.66
1330,-82.69
1331,-79.82
1332,-90.32
1333,-73.86
1334,-91.80
1335,-74.37
1336,-91.08
1337,-77.80
1338,-77.12
1339,-83.35
1340,-93.46
1341,-92.12
1342,-88.80
1343,-83.37
1344,-84.27
1345,-82.14
1346,-83.84
1347,-79.61
1348,-87.30
1349,-91.27
1350,-86.75
1351,-82.05
1352,-77.02
1353,-88.72
1354,-73.07
1355,-96.88
1356,-77.67
1357,-89.88
1358,-81.30
1359,-97.33
1360,-92.94
1361,-92.00
1362,-87.77
1363,-74.90
1364,-80.59
1365,-91.38
1366,-81.17
1367,-69.12
1368,-82.57
1369,-87.21
1370,-81.45
1371,-90.96
1372,-91.40
1373,-81.41
1374,-90.99
1375,-81.32
1376,-86.08
1377,-86.46
1378,-81.77
1379,-79.23
1380,-81.74
1381,-87.26
1382,-83.77
1383,-92.98
1384,-80.11
1385,-78.70
1386,-86.32
1387,-90.68
1388,-84.26
1389,-90.34
1390,-82.04
1391,-90.79
1392,-86.46
1393,-83.20
1394,-73.78
1395,-90.08
1396,-88.52
1397,-71.49
1398,-82.14
1399,-89.91
1400,-78.27
1401,-83.61
1402,-90.19
1403,-75.14
1404,-97.49
1405,-78.84
1406,-93.46
1407,-82.64
1408,-90.37
1409,-83.10
1410,-76.54
1411,-92.00
1412,-80.09
1413,-85.38
1414,-86.08
1415,-86.26
1416,-81.09
1417,-85.60
1418,-82.28
1419,-76.24
1420,-74.16
1421,-91.83
1422,-81.76
1423,-82.53
1424,-76.69
1425,-71.31
1426,-81.86
1427,-88.58
1428,-80.00
1429,-76.94
1430,-91.87
1431,-87.78
1432,-83.53
1433,-74.99
1434,-74.11
1435,-88.46
1436,-76.43
1437,-70.91
1438,-93.48
1439,-71.51
1440,-82.69
1441,-84.21
1442,-85.36
1443,-101.76
1444,-81.26
1445,-76.28
1446,-84.18
1447,-90.50
1448,-89.97
1449,-81.89
1450,-80.96
1451,-87.55
1452,-72.36
1453,-77.93
1454,-76.67
1455,-83.83
1456,-77.86
1457,-97.25
1458,-83.94
1459,-77.43
1460,-96.38
1461,-80.89
1462,-74.73
1463,-87.33
1464,-78.70
1465,-87.31
1466,-86.37
1467,-89.89
1468,-88.48
1469,-83.03
1470,-86.18
1471,-80.41
1472,-92.12
1473,-88.88
1474,-79.43
1475,-90.92
1476,-85.28
1477,-82.96
1478,-77.10
1479,-69.50
1480,-88.04
1481,-76.75
1482,-87.17
1483,-77.59
1484,-89.20
1485,-89.19
1486,-76.28
1487,-79.31
1488,-91.61
1489,-84.67
1490,-85.43
1491,-87.26
1492,-83.38
1493,-85.94
1494,-77.54
1495,-87.65
1496,-89.09
1497,-90.67
1498,-85.45
1499,-86.20
1500,-79.44
1501,-84.02
1502,-98.39
1503,-93.32
1504,-85.86
1505,-91.04
1506,-89.15
1507,-79.42
1508,-74.94
1509,-92.35
1510,-96.94
1511,-80.87
1512,-79.83
1513,-89.55
1514,-93.23
1515,-76.95
1516,-83.27
1517,-78.87
1518,-83.77
1519,-83.92
1520,-90.94
1521,-92.86
1522,-85.06
1523,-77.58
1524,-82.43
1525,-72.76
1526,-94.81
1527,-80.91
1528,-88.34
1529,-80.52
1530,-81.89
1531,-87.59
1532,-76.48
1533,-81.42
1534,-80.83
1535,-84.65
1536,-85.42
1537,-78.65
1538,-90.07
1539,-77.43
1540,-77.80
1541,-86.13
1542,-87.33
1543,-78.78
1544,-77.50
1545,-76.80
1546,-85.06
1547,-85.70
1548,-89.88
1549,-76.72
1550,-86.01
1551,-88.00
1552,-70.96
1553,-94.03
1554,-73.78
1555,-83.53
1556,-86.72
1557,-77.44
1558,-81.10
1559,-85.54
1560,-85.15
1561,-80.70
1562,-80.15
1563,-83.53
1564,-81.35
1565,-86.77
1566,-79.49
1567,-88.00
1568,-81.86
1569,-78.58
1570,-90.83
1571,-91.50
1572,-77.45
1573,-81.75
1574,-81.78
1575,-84.88
1576,-73.54
1577,-83.62
1578,-95.46
1579,-92.47
1580,-87.10
1581,-70.85
1582,-86.49
1583,-92.65
1584,-75.56
1585,-81.98
1586,-85.34
1587,-80.27
1588,-80.55
1589,-86.68
1590,-87.47
1591,-74.69
1592,-86.95
1593,-81.09
1594,-90.42
1595,-85.22
1596,-79.37
1597,-92.64
1598,-83.95
1599,-83.16
1600,-69.98
1601,-85.67
1602,-89.81
1603,-94.69
1604,-74.49
1605,-81.95
1606,-78.97
1607,-73.40
1608,-83.40
1609,-89.31
1610,-81.94
1611,-89.44
1612,-73.77
1613,-85.94
1614,-83.01
1615,-94.42
1616,-79.12
1617,-76.20
1618,-85.05
1619,-89.76
1620,-76.23
1621,-88.56
1622,-79.99
1623,-81.31
1624,-91.65
1625,-91.34
1626,-85.64
1627,-90.89
1628,-84.89
1629,-87.68
1630,-83.75
1631,-86.38
1632,-86.26
1633,-74.68
1634,-76.20
1635,-82.16
1636,-84.47
1637,-77.01
1638,-71.48
1639,-79.85
1640,-88.78
1641,-85.57
1642,-83.78
1643,-80.82
1644,-78.68
1645,-76.52
1646,-83.12
1647,-85.97
1648,-91.46
1649,-85.68
1650,-86.41
1651,-89.88
1652,-85.60
1653,-80.15
1654,-77.41
1655,-90.19
1656,-85.71
1657,-80.07
1658,-90.60
1659,-88.20
1660,-97.41
1661,-78.53
1662,-68.42
1663,-79.62
1664,-80.17
1665,-78.69
1666,-80.93
1667,-82.98
1668,-83.32
1669,-88.22
1670,-77.52
1671,-83.48
1672,-94.67
1673,-81.05
1674,-91.52
1675,-78.55
1676,-84.08
1677,-90.53
1678,-85.34
1679,-87.31
1680,-87.87
1681,-82.40
1682,-77.74
1683,-76.65
1684,-81.63
1685,-89.51
1686,-87.93
1687,-89.33
1688,-82.08
1689,-88.97
1690,-90.24
1691,-87.78
1692,-77.09
1693,-90.27
1694,-72.53
1695,-85.24
1696,-81.02
1697,-81.29
1698,-89.75
1699,-87.33
1700,-95.42
1701,-83.64
1702,-76.91
1703,-83.80
1704,-92.85
1705,-78.91
1706,-81.16
1707,-94.06
1708,-89.73
1709,-97.58
1710,-86.22
1711,-83.75
1712,-79.43
1713,-84.93
1714,-85.33
1715,-77.53
1716,-88.50
1717,-76.94
1718,-75.84
1719,-85.79
1720,-88.88
1721,-88.84
1722,-87.49
1723,-76.39
1724,-84.43
1725,-82.68
1726,-84.14
1727,-87.14
1728,-98.91
1729,-87.43
1730,-81.25
1731,-73.85
1732,-79.14
1733,-87.07
1734,-81.52
1735,-91.58
1736,-89.27
1737,-90.73
1738,-81.32
1739,-76.88
1740,-90.24
1741,-89.60
1742,-89.51
1743,-79.04
1744,-89.54
1745,-92.88
1746,-79.84
1747,-94.95
1748,-89.59
1749,-95.23
1750,-76.18
1751,-78.34
1752,-78.31
1753,-75.55
1754,-87.51
1755,-76.45
1756,-76.59
1757,-90.42
1758,-81.20
1759,-75.71
1760,-80.08
1761,-99.01
1762,-76.74
1763,-85.93
1764,-80.40
1765,-85.35
1766,-83.68
1767,-87.07
1768,-82.57
1769,-78.03
1770,-77.81
1771,-81.59
1772,-79.23
1773,-85.55
1774,-79.72
1775,-81.33
1776,-88.41
1777,-78.92
1778,-89.69
1779,-82.15
1780,-79.57
1781,-76.12
1782,-89.15
1783,-77.41
1784,-93.22
1785,-87.60
1786,-82.08
1787,-80.03
1788,-80.65
1789,-83.28
1790,-71.01
1791,-83.91
1792,-79.68
1793,-90.51
1794,-84.88
1795,-86.59
1796,-81.75
1797,-92.92
1798,-71.27
1799,-88.19
1800,-80.21
1801,-69.51
1802,-77.93
1803,-83.08
1804,-90.91
1805,-83.62
1806,-85.12
1807,-92.28
1808,-88.05
1809,-83.74
1810,-80.79
1811,-86.30
1812,-73.16
1813,-74.64
1814,-90.55
1815,-78.68
1816,-83.01
1817,-86.47
1818,-85.95
1819,-77.08
1820,-84.90
1821,-85.73
1822,-75.56
1823,-86.15
1824,-77.70
1825,-84.62
1826,-86.31
1827,-87.01
1828,-85.80
1829,-88.37
1830,-85.53
1831,-85.18
1832,-87.83
1833,-89.25
1834,-91.98
1835,-79.45
1836,-84.97
1837,-90.76
1838,-76.81
1839,-88.13
1840,-84.28
1841,-89.54
1842,-85.54
1843,-95.12
1844,-88.88
1845,-89.07
1846,-82.83
1847,-90.82
1848,-84.94
1849,-83.54
1850,-73.44
1851,-76.62
1852,-84.65
1853,-90.03
1854,-78.59
1855,-87.36
1856,-84.36
1857,-87.05
1858,-96.51
1859,-76.28
1860,-84.35
1861,-74.13
1862,-85.56
1863,-78.88
1864,-91.51
1865,-86.05
1866,-97.10
1867,-82.34
1868,-83.89
1869,-83.10
1870,-88.84
1871,-84.49
1872,-79.92
1873,-75.27
1874,-84.21
1875,-79.97
1876,-82.09
1877,-82.61
1878,-81.23
1879,-84.36
1880,-89.26
1881,-83.48
1882,-75.06
1883,-80.73
1884,-92.99
1885,-93.23
1886,-81.26
1887,-84.95
1888,-91.32
1889,-93.83
1890,-73.41
1891,-97.98
1892,-79.06
1893,-84.01
1894,-86.05
1895,-83.86
1896,-82.88
1897,-80.90
1898,-80.80
1899,-75.98
1900,-83.02
1901,-84.75
1902,-77.89
1903,-78.34
1904,-84.30
1905,-92.27
1906,-81.08
1907,-89.27
1908,-91.51
1909,-95.76
1910,-80.87
1911,-84.93
1912,-95.97
1913,-80.74
1914,-88.23
1915,-83.12
1916,-76.21
1917,-85.73
1918,-81.72
1919,-86.22
1920,-82.62
1921,-88.61
1922,-79.27
1923,-87.35
1924,-79.78
1925,-87.38
1926,-82.09
1927,-82.58
1928,-93.82
1929,-90.97
1930,-76.13
1931,-83.55
1932,-75.49
1933,-82.52
1934,-87.08
1935,-86.73
1936,-83.26
1937,-83.00
1938,-86.30
1939,-83.47
1940,-82.61
1941,-86.71
1942,-89.14
1943,-93.45
1944,-78.28
1945,-89.34
1946,-90.68
1947,-82.37
1948,-89.05
1949,-86.53
1950,-86.07
1951,-91.07
1952,-81.04
1953,-78.86
1954,-88.10
1955,-80.64
1956,-84.93
1957,-91.47
1958,-90.34
1959,-73.26
1960,-81.60
1961,-75.43
1962,-84.28
1963,-77.96
1964,-82.83
1965,-88.82
1966,-87.42
1967,-90.18
1968,-81.10
1969,-90.75
1970,-100.33
1971,-85.79
1972,-95.17
1973,-81.69
1974,-79.71
1975,-94.36
1976,-84.32
1977,-88.96
1978,-91.50
1979,-76.67
1980,-78.60
1981,-81.94
1982,-77.45
1983,-87.13
1984,-77.12
1985,-95.72
1986,-84.79
1987,-80.10
1988,-83.53
1989,-84.49
1990,-79.61
1991,-97.66
1992,-90.19
1993,-98.93
1994,-91.52
1995,-90.56
1996,-72.90
1997,-82.53
1998,-81.81
1999,-72.62
2000,-76.07
2001,-84.43
2002,-89.64
2003,-85.68
2004,-97.74
2005,-84.29
2006,-82.90
2007,-84.62
2008,-88.06
2009,-77.83
2010,-82.27
2011,-87.49
2012,-86.19
2013,-79.84
2014,-88.10
2015,-80.45
2016,-91.86
2017,-89.61
2018,-78.78
2019,-94.28
2020,-83.80
2021,-80.45
2022,-87.94
2023,-90.02
2024,-85.99
2025,-87.26
2026,-93.46
2027,-76.68
2028,-85.38
2029,-85.52
2030,-67.47
2031,-92.58
2032,-80.96
2033,-82.97
2034,-74.05
2035,-76.85
2036,-88.57
2037,-81.95
2038,-87.21
2039,-84.66
2040,-76.08
2041,-88.71
2042,-85.07
2043,-81.51
2044,-87.16
2045,-80.96
2046,-83.90
2047,-90.37
2048,-82.15
2049,-78.95
2050,-82.85
2051,-86.65
2052,-87.16
2053,-86.22
2054,-85.03
2055,-87.41
2056,-77.74
2057,-82.72
2058,-73.50
2059,-80.65
2060,-80.08
2061,-78.43
2062,-87.30
2063,-87.12
2064,-90.98
2065,-84.38
2066,-82.86
2067,-92.12
2068,-88.62
2069,-86.63
2070,-88.64
2071,-85.85
2072,-83.12
2073,-84.20
2074,-86.85
2075,-80.75
2076,-74.42
2077,-83.20
2078,-84.77
2079,-81.62
2080,-78.75
2081,-87.63
2082,-77.90
2083,-90.23
2084,-83.17
2085,-75.40
2086,-79.10
2087,-86.63
2088,-81.44
2089,-87.79
2090,-75.97
2091,-85.79
2092,-74.98
2093,-77.78
2094,-78.84
2095,-82.56
2096,-89.14
2097,-83.90
2098,-80.84
2099,-81.72
2100,-84.87
2101,-78.74
2102,-82.15
2103,-85.46
2104,-82.13
2105,-88.58
2106,-81.40
2107,-89.37
2108,-83.79
2109,-88.82
2110,-81.12
2111,-80.09
2112,-95.34
2113,-84.41
2114,-71.83
2115,-79.49
2116,-81.68
2117,-78.24
2118,-83.89
2119,-82.32
2120,-85.12
2121,-91.48
2122,-97.29
2123,-82.18
2124,-86.21
2125,-82.40
2126,-80.47
2127,-88.38
2128,-89.37
2129,-90.08
2130,-87.03
2131,-88.03
2132,-74.61
2133,-90.94
2134,-71.03
2135,-80.14
2136,-90.20
2137,-79.47
2138,-88.70
2139,-87.92
2140,-88.21
2141,-76.04
2142,-77.57
2143,-87.36
2144,-75.31
2145,-80.15
2146,-77.17
2147,-78.32
2148,-77.97
2149,-79.98
2150,-87.66
2151,-79.38
2152,-96.64
2153,-89.71
2154,-82.02
2155,-87.54
2156,-90.74
2157,-83.33
2158,-80.77
2159,-80.25
2160,-81.98
2161,-74.88
2162,-81.73
2163,-87.77
2164,-75.34
2165,-81.71
2166,-89.78
2167,-87.02
2168,-81.80
2169,-78.30
2170,-87.66
2171,-80.67
2172,-82.28
2173,-84.30
2174,-84.03
2175,-84.42
2176,-81.21
2177,-85.49
2178,-90.56
2179,-80.60
2180,-84.59
2181,-79.10
2182,-72.21
2183,-88.14
2184,-89.20
2185,-83.40
2186,-87.56
2187,-84.89
2188,-81.19
2189,-82.09
2190,-83.97
2191,-72.28
2192,-88.85
2193,-91.88
2194,-82.89
2195,-88.06
2196,-85.05
2197,-80.78
2198,-81.81
2199,-74.77
2200,-72.43
2201,-79.27
2202,-79.18
2203,-79.63
2204,-78.07
2205,-81.73
2206,-88.33
2207,-89.38
2208,-80.40
2209,-88.12
2210,-74.99
2211,-77.56
2212,-78.30
2213,-80.61
2214,-74.83
2215,-94.26
2216,-86.08
2217,-86.35
2218,-81.11
2219,-77.73
2220,-73.61
2221,-86.84
2222,-67.65
2223,-72.86
2224,-86.23
2225,-83.49
2226,-85.32
2227,-83.70
2228,-76.80
2229,-87.72
2230,-82.78
2231,-88.25
2232,-88.86
2233,-80.48
2234,-88.79
2235,-85.73
2236,-89.03
2237,-83.82
2238,-84.56
2239,-85.27
2240,-80.79
2241,-81.19
2242,-96.87
2243,-82.60
2244,-77.97
2245,-77.77
2246,-87.02
2247,-80.61
2248,-83.19
2249,-78.12
2250,-79.92
2251,-72.74
2252,-83.67
2253,-79.80
2254,-85.79
2255,-92.02
2256,-84.46
2257,-78.63
2258,-80.89
2259,-86.01
2260,-93.22
2261,-88.35
2262,-81.55
2263,-82.50
2264,-84.17
2265,-62.93
2266,-88.01
2267,-85.75
2268,-79.96
2269,-84.01
2270,-83.50
2271,-79.22
2272,-86.42
2273,-84.27
2274,-80.85
2275,-92.58
2276,-84.47
2277,-88.23
2278,-76.14
2279,-81.47
2280,-79.55
2281,-77.40
2282,-87.91
2283,-90.73
2284,-76.45
2285,-86.96
2286,-78.25
2287,-64.01
2288,-79.19
2289,-82.35
2290,-74.05
2291,-92.45
2292,-92.03
2293,-87.95
2294,-78.17
2295,-93.24
2296,-85.00
2297,-74.00
2298,-85.10
2299,-89.05
2300,-77.71
2301,-81.02
2302,-83.92
2303,-88.78
2304,-81.94
2305,-91.58
2306,-86.16
2307,-80.21
2308,-73.93
2309,-89.82
2310,-100.56
2311,-76.45
2312,-87.55
2313,-88.03
2314,-82.54
2315,-81.51
2316,-76.18
2317,-87.76
2318,-82.08
2319,-83.47
2320,-86.79
2321,-87.73
2322,-86.83
2323,-83.41
2324,-80.20
2325,-79.47
2326,-79.85
2327,-93.51
2328,-78.25
2329,-78.32
2330,-82.16
2331,-84.16
2332,-78.08
2333,-67.67
2334,-87.91
2335,-87.21
2336,-80.25
2337,-91.17
2338,-88.49
2339,-75.45
2340,-93.28
2341,-80.84
2342,-86.60
2343,-77.73
2344,-81.94
2345,-78.69
2346,-84.04
2347,-93.38
2348,-90.14
2349,-77.73
2350,-80.90
2351,-81.97
2352,-76.06
2353,-76.59
2354,-85.38
2355,-83.07
2356,-81.96
2357,-86.27
2358,-87.92
2359,-74.31
2360,-83.27
2361,-81.78
2362,-87.29
2363,-91.11
2364,-88.95
2365,-75.33
2366,-75.41
2367,-72.46
2368,-91.29
2369,-84.38
2370,-77.94
2371,-77.04
2372,-90.71
2373,-92.95
2374,-74.71
2375,-76.54
2376,-79.44
2377,-82.22
2378,-76.71
2379,-81.89
2380,-87.22
2381,-84.98
2382,-84.03
2383,-84.42
2384,-85.04
2385,-88.78
2386,-80.02
2387,-85.43
2388,-88.16
2389,-81.46
2390,-81.03
2391,-76.98
2392,-85.52
2393,-79.44
2394,-81.72
2395,-79.54
2396,-84.87
2397,-83.99
2398,-80.09
2399,-87.52
2400,-76.66
2401,-82.17
2402,-84.46
2403,-76.40
2404,-84.45
2405,-78.06
2406,-70.24
2407,-78.92
2408,-83.82
2409,-85.39
2410,-86.32
2411,-85.19
2412,-78.85
2413,-68.66
2414,-86.94
2415,-89.78
2416,-86.13
2417,-72.20
2418,-75.00
2419,-76.82
2420,-88.26
2421,-84.32
2422,-77.24
2423,-86.02
2424,-90.58
2425,-78.88
2426,-82.07
2427,-80.86
2428,-82.99
2429,-81.44
2430,-79.77
2431,-79.12
2432,-89.92
2433,-72.23
2434,-94.44
2435,-87.21
2436,-82.47
2437,-74.35
2438,-85.63
2439,-79.15
2440,-92.16
2441,-74.83
2442,-77.47
2443,-87.06
2444,-84.66
2445,-88.07
2446,-83.96
2447,-78.98
2448,-79.09
2449,-88.83
2450,-80.92
2451,-88.23
2452,-80.01
2453,-75.55
2454,-82.70
2455,-78.33
2456,-80.67
2457,-89.85
2458,-84.84
2459,-94.50
2460,-78.43
2461,-89.54
2462,-75.57
2463,-76.37
2464,-94.50
2465,-91.69
2466,-82.95
2467,-74.39
2468,-84.21
2469,-91.82
2470,-91.31
2471,-87.24
2472,-89.67
2473,-91.40
2474,-81.57
2475,-86.60
2476,-81.10
2477,-81.34
2478,-88.77
2479,-80.81
2480,-86.76
2481,-88.34
2482,-80.68
2483,-78.21
2484,-73.02
2485,-80.92
2486,-88.51
2487,-81.16
2488,-80.08
2489,-79.25
2490,-75.09
2491,-84.39
2492,-67.86
2493,-77.08
2494,-86.64
2495,-76.84
2496,-91.81
2497,-77.20
2498,-90.04
2499,-83.01
2500,-80.55
2501,-78.65
2502,-94.69
2503,-92.64
2504,-72.73
2505,-80.22
2506,-77.08
2507,-79.00
2508,-82.53
2509,-78.74
2510,-81.40
2511,-70.88
2512,-86.09
2513,-80.85
2514,-80.16
2515,-83.68
2516,-87.74
2517,-81.69
2518,-92.55
2519,-86.18
2520,-82.97
2521,-80.78
2522,-88.77
2523,-84.93
2524,-89.97
2525,-84.36
2526,-82.34
2527,-83.65
2528,-87.22
2529,-81.84
2530,-76.43
2531,-87.93
2532,-83.03
2533,-85.98
2534,-82.03
2535,-83.78
2536,-71.29
2537,-82.61
2538,-74.42
2539,-81.27
2540,-85.03
2541,-82.77
2542,-79.49
2543,-84.55
2544,-81.97
2545,-75.20
2546,-78.78
2547,-87.02
2548,-71.52
2549,-83.52
2550,-77.70
2551,-83.34
2552,-78.60
2553,-79.19
2554,-83.80
2555,-81.30
2556,-75.48
2557,-89.75
2558,-83.29
2559,-82.42
2560,-87.54
2561,-81.08
2562,-86.53
2563,-80.16
2564,-89.69
2565,-87.13
2566,-79.42
2567,-89.62
2568,-74.25
2569,-80.36
2570,-78.96
2571,-73.94
2572,-85.03
2573,-85.67
2574,-70.56
2575,-79.62
2576,-78.97
2577,-78.15
2578,-72.27
2579,-73.60
2580,-77.47
2581,-81.01
2582,-73.25
2583,-76.11
2584,-82.35
2585,-70.41
2586,-82.67
2587,-82.08
2588,-85.72
2589,-85.97
2590,-73.48
2591,-77.36
2592,-81.03
2593,-80.20
2594,-70.18
2595,-96.91
2596,-84.91
2597,-79.48
2598,-85.84
2599,-71.15
2600,-75.80
2601,-78.59
2602,-80.73
2603,-91.20
2604,-75.93
2605,-76.48
2606,-74.52
2607,-81.26
2608,-79.78
2609,-80.44
2610,-74.69
2611,-81.11
2612,-80.30
2613,-77.99
2614,-81.83
2615,-82.84
2616,-80.28
2617,-82.82
2618,-80.01
2619,-82.22
2620,-82.14
2621,-78.24
2622,-78.19
2623,-82.42
2624,-86.60
2625,-83.39
2626,-80.31
2627,-83.65
2628,-83.23
2629,-80.03
2630,-76.64
2631,-91.39
2632,-81.98
2633,-74.87
2634,-83.55
2635,-82.85
2636,-82.79
2637,-83.37
2638,-72.08
2639,-78.40
2640,-77.27
2641,-77.61
2642,-96.33
2643,-81.06
2644,-78.60
2645,-84.11
2646,-81.17
2647,-88.33
2648,-77.20
2649,-79.95
2650,-73.69
2651,-83.07
2652,-69.66
2653,-80.99
2654,-92.79
2655,-87.44
2656,-74.20
2657,-74.08
2658,-79.38
2659,-83.23
2660,-89.03
2661,-85.27
2662,-88.70
2663,-94.35
2664,-75.54
2665,-88.41
2666,-74.51
2667,-87.64
2668,-77.79
2669,-83.35
2670,-90.49
2671,-87.64
2672,-70.65
2673,-90.65
2674,-81.63
2675,-72.71
2676,-82.87
2677,-85.95
2678,-76.36
2679,-86.15
2680,-78.82
2681,-87.88
2682,-74.70
2683,-86.83
2684,-87.25
2685,-80.70
2686,-81.78
2687,-81.84
2688,-73.47
2689,-83.61
2690,-86.94
2691,-75.40
2692,-86.39
2693,-79.51
2694,-81.17
2695,-84.01
2696,-74.09
2697,-84.92
2698,-83.53
2699,-75.09
2700,-74.84
2701,-86.85
2702,-78.09
2703,-80.85
2704,-74.09
2705,-80.66
2706,-81.92
2707,-81.31
2708,-81.29
2709,-80.66
2710,-85.36
2711,-82.62
2712,-78.14
2713,-94.71
2714,-86.12
2715,-78.26
2716,-87.02
2717,-88.54
2718,-81.19
2719,-83.49
2720,-72.43
2721,-69.41
2722,-77.74
2723,-79.55
2724,-86.47
2725,-88.23
2726,-75.85
2727,-75.15
2728,-75.93
2729,-70.72
2730,-84.79
2731,-63.07
2732,-86.93
2733,-73.24
2734,-81.29
2735,-89.42
2736,-92.53
2737,-85.96
2738,-79.26
2739,-79.52
2740,-79.33
2741,-79.85
2742,-85.53
2743,-87.06
2744,-83.68
2745,-85.17
2746,-97.39
2747,-85.46
2748,-88.10
2749,-77.00
2750,-71.70
2751,-85.81
2752,-75.28
2753,-83.74
2754,-77.12
2755,-81.80
2756,-70.55
2757,-81.01
2758,-87.45
2759,-83.79
2760,-86.43
2761,-74.59
2762,-87.48
2763,-74.74
2764,-82.88
2765,-77.02
2766,-71.13
2767,-78.12
2768,-81.48
2769,-89.38
2770,-79.51
2771,-81.14
2772,-87.32
2773,-83.33
2774,-72.44
2775,-80.07
2776,-75.49
2777,-73.02
2778,-70.31
2779,-85.59
2780,-78.00
2781,-76.21
2782,-86.18
2783,-68.09
2784,-82.89
2785,-68.25
2786,-85.42
2787,-75.70
2788,-91.56
2789,-97.23
2790,-96.28
2791,-75.11
2792,-80.31
2793,-71.90
2794,-73.05
2795,-78.75
2796,-75.45
2797,-76.57
2798,-75.35
2799,-81.49
2800,-74.06
2801,-83.40
2802,-78.72
2803,-69.95
2804,-71.52
2805,-72.60
2806,-83.80
2807,-85.18
2808,-86.14
2809,-83.95
2810,-75.86
2811,-86.28
2812,-83.31
2813,-86.27
2814,-86.95
2815,-77.65
2816,-86.31
2817,-86.84
2818,-83.53
2819,-71.07
2820,-81.77
2821,-83.00
2822,-74.00
2823,-77.30
2824,-85.65
2825,-80.59
2826,-81.10
2827,-82.00
2828,-78.09
2829,-85.72
2830,-75.69
2831,-73.04
2832,-88.46
2833,-67.86
2834,-71.91
2835,-72.39
2836,-85.26
2837,-80.58
2838,-84.19
2839,-85.73
2840,-82.61
2841,-68.61
2842,-81.73
2843,-83.58
2844,-83.98
2845,-89.72
2846,-85.48
2847,-90.66
2848,-71.38
2849,-81.39
2850,-84.96
2851,-89.27
2852,-84.70
2853,-76.81
2854,-77.31
2855,-81.26
2856,-76.11
2857,-85.97
2858,-90.81
2859,-77.24
2860,-84.64
2861,-86.85
2862,-73.99
2863,-80.15
2864,-76.02
2865,-78.98
2866,-90.06
2867,-83.59
2868,-86.64
2869,-74.16
2870,-92.74
2871,-85.25
2872,-85.41
2873,-87.78
2874,-82.95
2875,-72.05
2876,-78.82
2877,-78.47
2878,-80.64
2879,-85.55
2880,-84.44
2881,-83.67
2882,-84.02
2883,-89.24
2884,-75.92
2885,-81.95
2886,-84.22
2887,-98.59
2888,-90.80
2889,-79.99
2890,-85.00
2891,-82.03
2892,-81.03
2893,-85.57
2894,-80.98
2895,-87.15
2896,-77.40
2897,-73.09
2898,-78.13
2899,-76.27
2900,-81.72
2901,-79.30
2902,-78.09
2903,-82.18
2904,-92.04
2905,-85.77
2906,-87.47
2907,-90.27
2908,-77.39
2909,-75.87
2910,-82.24
2911,-80.57
2912,-77.20
2913,-75.79
2914,-87.65
2915,-79.59
2916,-88.32
2917,-84.49
2918,-86.19
2919,-86.48
2920,-67.54
2921,-80.84
2922,-70.92
2923,-94.23
2924,-87.78
2925,-74.71
2926,-80.43
2927,-68.51
2928,-69.59
2929,-85.13
2930,-78.80
2931,-72.03
2932,-84.42
2933,-80.93
2934,-89.60
2935,-82.11
2936,-81.93
2937,-87.41
2938,-93.20
2939,-74.10
2940,-93.94
2941,-72.60
2942,-84.71
2943,-94.84
2944,-82.32
2945,-71.88
2946,-99.66
2947,-81.25
2948,-87.64
2949,-89.05
2950,-73.68
2951,-83.96
2952,-87.97
2953,-75.59
2954,-78.68
2955,-78.51
2956,-92.73
2957,-71.32
2958,-74.21
2959,-79.72
2960,-77.17
2961,-84.26
2962,-84.47
2963,-77.24
2964,-73.52
2965,-78.71
2966,-81.65
2967,-86.03
2968,-89.34
2969,-80.39
2970,-77.96
2971,-87.48
2972,-83.51
2973,-82.37
2974,-86.18
2975,-87.26
2976,-78.19
2977,-84.31
2978,-86.24
2979,-81.02
2980,-86.08
2981,-86.69
2982,-79.84
2983,-80.76
2984,-87.19
2985,-85.56
2986,-76.67
2987,-79.07
2988,-79.02
2989,-79.73
2990,-87.44
2991,-74.95
2992,-83.32
2993,-87.38
2994,-85.68
2995,-81.67
2996,-81.83
2997,-77.22
2998,-83.48
2999,-88.86
3000,-71.70
3001,-96.88
3002,-84.09
3003,-84.25
3004,-77.73
3005,-86.08
3006,-76.40
3007,-86.34
3008,-81.35
3009,-82.03
3010,-90.94
3011,-81.70
3012,-78.56
3013,-79.94
3014,-80.79
3015,-83.98
3016,-83.49
3017,-82.94
3018,-90.18
3019,-80.74
3020,-77.67
3021,-78.46
3022,-80.58
3023,-84.73
3024,-88.19
3025,-86.32
3026,-80.54
3027,-84.59
3028,-80.75
3029,-80.11
3030,-90.77
3031,-83.73
3032,-85.96
3033,-77.26
3034,-97.99
3035,-86.88
3036,-82.91
3037,-74.29
3038,-87.49
3039,-82.20
3040,-88.73
3041,-81.95
3042,-87.93
3043,-85.16
3044,-92.03
3045,-75.83
3046,-65.35
3047,-84.22
3048,-80.85
3049,-76.80
3050,-79.76
3051,-87.19
3052,-84.40
3053,-75.36
3054,-83.04
3055,-78.35
3056,-84.52
3057,-75.56
3058,-83.50
3059,-89.54
3060,-90.81
3061,-87.44
3062,-82.13
3063,-79.58
3064,-81.24
3065,-82.41
3066,-77.25
3067,-73.87
3068,-82.86
3069,-75.43
3070,-85.32
3071,-74.74
3072,-70.67
3073,-86.47
3074,-80.44
3075,-86.69
3076,-81.61
3077,-82.06
3078,-80.72
3079,-80.53
3080,-77.75
3081,-83.74
3082,-82.39
3083,-88.16
3084,-78.06
3085,-79.88
3086,-76.53
3087,-87.99
3088,-84.28
3089,-88.98
3090,-79.46
3091,-80.74
3092,-82.00
3093,-72.25
3094,-84.63
3095,-87.34
3096,-86.84
3097,-81.78
3098,-89.17
3099,-80.38
3100,-76.71
3101,-71.40
3102,-87.99
3103,-87.73
3104,-87.15
3105,-87.92
3106,-70.68
3107,-82.85
3108,-92.14
3109,-80.55
3110,-85.12
3111,-82.56
3112,-80.75
3113,-82.36
3114,-81.77
3115,-77.02
3116,-94.92
3117,-80.18
3118,-81.08
3119,-82.91
3120,-76.57
3121,-81.30
3122,-88.89
3123,-87.36
3124,-86.06
3125,-74.54
3126,-85.23
3127,-78.66
3128,-78.97
3129,-79.16
3130,-85.36
3131,-85.68
3132,-83.69
3133,-88.77
3134,-80.00
3135,-80.23
3136,-77.93
3137,-87.73
3138,-85.59
3139,-77.15
3140,-84.17
3141,-73.64
3142,-80.93
3143,-81.64
3144,-86.53
3145,-84.04
3146,-79.30
3147,-80.22
3148,-85.53
3149,-78.11
3150,-71.26
3151,-88.41
3152,-83.41
3153,-77.60
3154,-96.71
3155,-88.57
3156,-88.51
3157,-90.47
3158,-89.38
3159,-78.49
3160,-90.63
3161,-83.15
3162,-75.91
3163,-85.61
3164,-78.90
3165,-93.09
3166,-84.00
3167,-89.13
3168,-86.92
3169,-82.53
3170,-87.84
3171,-86.45
3172,-93.25
3173,-83.09
3174,-82.44
3175,-78.26
3176,-80.02
3177,-87.03
3178,-83.20
3179,-81.65
3180,-81.16
3181,-79.13
3182,-83.01
3183,-83.88
3184,-87.35
3185,-83.02
3186,-82.05
3187,-78.66
3188,-79.12
3189,-87.58
3190,-92.77
3191,-83.63
3192,-81.24
3193,-80.66
3194,-80.94
3195,-82.45
3196,-81.37
3197,-80.56
3198,-70.32
3199,-96.04
3200,-88.96
3201,-85.14
3202,-91.00
3203,-77.52
3204,-70.54
3205,-80.19
3206,-77.05
3207,-88.73
3208,-76.94
3209,-83.71
3210,-80.61
3211,-85.22
3212,-91.02
3213,-78.32
3214,-78.45
3215,-80.85
3216,-84.93
3217,-87.77
3218,-86.45
3219,-79.64
3220,-78.70
3221,-75.52
3222,-81.24
3223,-80.74
3224,-78.37
3225,-88.73
3226,-89.96
3227,-85.87
3228,-76.76
3229,-89.23
3230,-91.41
3231,-73.48
3232,-81.78
3233,-70.32
3234,-85.16
3235,-80.45
3236,-92.34
3237,-84.88
3238,-92.93
3239,-83.78
3240,-83.90
3241,-77.92
3242,-85.06
3243,-93.18
3244,-87.50
3245,-80.87
3246,-79.81
3247,-84.51
3248,-81.85
3249,-87.75
3250,-81.84
3251,-87.24
3252,-77.11
3253,-87.22
3254,-83.91
3255,-84.82
3256,-80.05
3257,-92.14
3258,-80.84
3259,-79.91
3260,-90.44
3261,-79.83
3262,-84.70
3263,-81.18
3264,-87.55
3265,-87.02
3266,-91.27
3267,-82.52
3268,-83.88
3269,-87.06
3270,-89.01
3271,-89.56
3272,-85.76
3273,-94.44
3274,-98.55
3275,-87.47
3276,-77.61
3277,-92.65
3278,-82.36
3279,-87.98
3280,-87.41
3281,-81.70
3282,-82.13
3283,-92.69
3284,-76.89
3285,-78.69
3286,-82.31
3287,-89.58
3288,-93.20
3289,-83.29
3290,-78.49
3291,-81.60
3292,-82.92
3293,-79.59
3294,-87.94
3295,-89.22
3296,-81.41
3297,-78.72
3298,-83.53
3299,-93.18
3300,-87.47
3301,-84.15
3302,-94.47
3303,-84.55
3304,-82.62
3305,-82.53
3306,-90.36
3307,-86.26
3308,-78.61
3309,-76.06
3310,-88.44
3311,-83.53
3312,-91.09
3313,-84.10
3314,-82.93
3315,-80.07
3316,-83.38
3317,-97.58
3318,-93.04
3319,-78.14
3320,-85.50
3321,-93.82
3322,-80.98
3323,-92.02
3324,-81.08
3325,-91.89
3326,-81.12
3327,-90.68
3328,-81.87
3329,-87.04
3330,-86.02
3331,-75.82
3332,-88.69
3333,-87.57
3334,-94.11
3335,-84.67
3336,-79.62
3337,-88.39
3338,-83.96
3339,-84.26
3340,-82.01
3341,-77.45
3342,-90.19
3343,-73.71
3344,-89.98
3345,-85.35
3346,-83.29
3347,-76.37
3348,-89.21
3349,-90.15
3350,-81.62
3351,-89.27
3352,-85.47
3353,-85.43
3354,-82.77
3355,-72.52
3356,-84.18
3357,-86.09
3358,-88.45
3359,-79.23
3360,-79.00
3361,-87.46
3362,-81.32
3363,-82.71
3364,-84.96
3365,-79.28
3366,-80.98
3367,-78.55
3368,-88.41
3369,-76.33
3370,-84.85
3371,-83.37
3372,-78.92
3373,-79.35
3374,-75.57
3375,-78.15
3376,-84.41
3377,-86.82
3378,-81.56
3379,-77.79
3380,-82.90
3381,-78.83
3382,-82.56
3383,-80.77
3384,-83.01
3385,-81.20
3386,-90.30
3387,-95.35
3388,-91.02
3389,-90.16
3390,-80.76
3391,-94.50
3392,-96.32
3393,-81.94
3394,-80.99
3395,-85.20
3396,-78.46
3397,-88.53
3398,-84.70
3399,-84.46
3400,-88.85
3401,-87.80
3402,-83.29
3403,-91.15
3404,-90.88
3405,-80.31
3406,-90.99
3407,-82.07
3408,-82.56
3409,-91.36
3410,-77.21
3411,-85.55
3412,-84.92
3413,-80.83
3414,-69.61
3415,-77.46
3416,-88.05
3417,-84.16
3418,-84.61
3419,-88.19
3420,-78.17
3421,-81.54
3422,-91.19
3423,-83.64
3424,-85.94
3425,-86.70
3426,-90.08
3427,-84.82
3428,-90.82
3429,-83.01
3430,-86.78
3431,-84.88
3432,-82.07
3433,-86.03
3434,-87.14
3435,-79.05
3436,-81.59
3437,-83.21
3438,-87.87
3439,-86.36
3440,-81.51
3441,-80.77
3442,-77.88
3443,-83.07
3444,-86.20
3445,-76.85
3446,-86.18
3447,-74.33
3448,-79.71
3449,-90.86
3450,-83.91
3451,-81.98
3452,-80.44
3453,-77.52
3454,-81.07
3455,-78.05
3456,-92.45
3457,-74.10
3458,-82.53
3459,-83.43
3460,-90.45
3461,-92.11
3462,-81.23
3463,-88.94
3464,-84.95
3465,-81.47
3466,-88.95
3467,-83.91
3468,-86.33
3469,-75.31
3470,-80.12
3471,-86.39
3472,-86.83
3473,-87.36
3474,-89.04
3475,-93.14
3476,-87.07
3477,-81.51
3478,-81.48
3479,-92.79
3480,-79.41
3481,-81.95
3482,-80.34
3483,-90.39
3484,-85.30
3485,-85.12
3486,-71.68
3487,-82.09
3488,-84.52
3489,-85.66
3490,-88.82
3491,-83.75
3492,-84.71
3493,-84.83
3494,-80.69
3495,-79.92
3496,-93.50
3497,-86.20
3498,-81.66
3499,-88.33
3500,-89.98
3501,-92.46
3502,-83.37
3503,-86.00
3504,-82.31
3505,-81.49
3506,-86.45
3507,-76.41
3508,-91.06
3509,-94.68
3510,-94.08
3511,-92.76
3512,-82.33
3513,-92.00
3514,-80.80
3515,-84.24
3516,-90.50
3517,-79.44
3518,-81.99
3519,-84.49
3520,-85.43
3521,-96.65
3522,-91.35
3523,-89.20
3524,-84.56
3525,-89.05
3526,-84.00
3527,-81.60
3528,-85.23
3529,-82.83
3530,-85.53
3531,-90.78
3532,-92.14
3533,-80.99
3534,-88.27
3535,-82.47
3536,-77.00
3537,-82.41
3538,-88.79
3539,-83.41
3540,-92.26
3541,-82.40
3542,-86.20
3543,-85.59
3544,-85.58
3545,-82.34
3546,-75.31
3547,-75.60
3548,-86.41
3549,-83.59
3550,-85.08
3551,-89.17
3552,-86.37
3553,-88.65
3554,-86.66
3555,-87.56
3556,-78.81
3557,-82.63
3558,-93.40
3559,-90.29
3560,-89.00
3561,-87.70
3562,-91.27
3563,-80.41
3564,-88.38
3565,-87.59
3566,-85.02
3567,-82.46
3568,-85.63
3569,-80.87
3570,-85.14
3571,-88.99
3572,-85.28
3573,-82.38
3574,-86.45
3575,-82.80
3576,-85.27
3577,-81.22
3578,-85.94
3579,-86.27
3580,-89.44
3581,-91.77
3582,-87.76
3583,-77.54
3584,-81.62
3585,-82.97
3586,-90.79
3587,-84.35
3588,-79.38
3589,-78.73
3590,-88.60
3591,-81.29
3592,-91.47
3593,-84.15
3594,-85.34
3595,-86.10
3596,-83.99
3597,-81.85
3598,-90.49
3599,-84.03
3600,-89.74
3601,-77.55
3602,-82.44
3603,-81.29
3604,-81.21
3605,-84.29
3606,-83.70
3607,-89.90
3608,-85.46
3609,-98.12
3610,-80.37
3611,-82.69
3612,-84.93
3613,-83.72
3614,-72.95
3615,-78.69
3616,-89.44
3617,-86.25
3618,-81.83
3619,-83.93
3620,-88.37
3621,-82.81
3622,-84.72
3623,-90.81
3624,-80.76
3625,-80.29
3626,-82.72
3627,-89.75
3628,-77.98
3629,-80.55
3630,-84.92
3631,-83.18
3632,-79.65
3633,-81.95
3634,-77.67
3635,-84.80
3636,-84.85
3637,-87.55
3638,-83.30
3639,-85.33
3640,-82.58
3641,-87.81
3642,-76.53
3643,-87.17
3644,-84.60
3645,-84.59
3646,-84.40
3647,-81.94
3648,-81.39
3649,-73.17
3650,-84.80
3651,-79.65
3652,-84.74
3653,-81.67
3654,-84.04
3655,-82.30
3656,-86.06
3657,-78.15
3658,-89.03
3659,-81.04
3660,-82.68
3661,-82.02
3662,-81.57
3663,-83.17
3664,-91.55
3665,-89.22
3666,-91.46
3667,-86.41
3668,-84.92
3669,-75.16
3670,-87.06
3671,-90.13
3672,-82.60
3673,-91.40
3674,-85.38
3675,-80.10
3676,-90.47
3677,-83.79
3678,-92.09
3679,-87.00
3680,-88.54
3681,-87.39
3682,-84.55
3683,-83.12
3684,-82.51
3685,-77.01
3686,-91.69
3687,-87.06
3688,-88.09
3689,-83.11
3690,-87.12
3691,-86.25
3692,-84.61
3693,-90.27
3694,-77.57
3695,-79.35
3696,-89.09
3697,-86.20
3698,-83.89
3699,-83.28
3700,-82.28
3701,-87.16
3702,-87.40
3703,-78.94
3704,-85.33
3705,-85.37
3706,-80.76
3707,-80.11
3708,-85.00
3709,-81.20
3710,-87.93
3711,-88.23
3712,-92.17
3713,-78.61
3714,-86.39
3715,-91.43
3716,-84.57
3717,-90.75
3718,-86.09
3719,-85.97
3720,-92.77
3721,-87.40
3722,-85.95
3723,-84.22
3724,-86.37
3725,-82.94
3726,-81.48
3727,-79.34
3728,-87.87
3729,-82.82
3730,-82.68
3731,-88.83
3732,-88.86
3733,-89.68
3734,-77.53
3735,-83.71
3736,-79.08
3737,-90.88
3738,-88.32
3739,-85.75
3740,-83.53
3741,-85.69
3742,-81.28
3743,-82.08
3744,-89.85
3745,-85.21
3746,-84.54
3747,-80.87
3748,-89.80
3749,-86.77
3750,-79.27
3751,-79.43
3752,-79.27
3753,-82.46
3754,-84.37
3755,-87.21
3756,-91.45
3757,-80.72
3758,-82.19
3759,-86.42
3760,-84.74
3761,-91.34
3762,-81.20
3763,-86.66
3764,-88.34
3765,-85.36
3766,-87.17
3767,-77.93
3768,-84.47
3769,-88.10
3770,-78.88
3771,-78.33
3772,-80.50
3773,-81.84
3774,-81.53
3775,-84.89
3776,-92.05
3777,-83.25
3778,-87.76
3779,-82.96
3780,-82.78
3781,-87.27
3782,-85.72
3783,-82.79
3784,-87.80
3785,-86.20
3786,-77.47
3787,-88.03
3788,-88.98
3789,-86.08
3790,-82.89
3791,-91.53
3792,-95.39
3793,-92.83
3794,-80.83
3795,-81.20
3796,-91.07
3797,-82.76
3798,-75.39
3799,-83.78
3800,-82.94
3801,-81.36
3802,-91.51
3803,-87.80
3804,-83.39
3805,-86.08
3806,-79.77
3807,-73.63
3808,-83.00
3809,-87.77
3810,-91.95
3811,-85.52
3812,-84.85
3813,-90.19
3814,-86.34
3815,-83.23
3816,-76.60
3817,-80.51
3818,-80.17
3819,-76.12
3820,-82.55
3821,-87.23
3822,-88.24
3823,-85.62
3824,-86.69
3825,-86.43
3826,-81.34
3827,-81.98
3828,-82.11
3829,-92.36
3830,-93.14
3831,-88.98
3832,-87.67
3833,-89.13
3834,-90.38
3835,-76.89
3836,-86.89
3837,-87.23
3838,-89.41
3839,-83.59
3840,-80.23
3841,-77.10
3842,-84.55
3843,-85.23
3844,-93.04
3845,-88.48
3846,-80.40
3847,-86.09
3848,-85.60
3849,-84.27
3850,-80.60
3851,-88.80
3852,-86.01
3853,-88.02
3854,-83.01
3855,-84.41
3856,-83.68
3857,-86.73
3858,-88.06
3859,-84.72
3860,-85.38
3861,-83.47
3862,-88.19
3863,-80.31
3864,-82.96
3865,-79.45
3866,-88.38
3867,-75.16
3868,-89.22
3869,-84.84
3870,-84.80
3871,-94.22
3872,-83.82
3873,-84.41
3874,-79.12
3875,-85.39
3876,-90.30
3877,-91.15
3878,-96.37
3879,-89.33
3880,-85.94
3881,-89.55
3882,-92.26
3883,-85.25
3884,-84.21
3885,-85.03
3886,-84.03
3887,-83.56
3888,-97.54
3889,-71.06
3890,-78.70
3891,-99.24
3892,-82.37
3893,-75.16
3894,-86.15
3895,-85.42
3896,-86.85
3897,-83.73
3898,-95.91
3899,-80.53
3900,-90.77
3901,-86.12
3902,-78.54
3903,-93.56
3904,-80.49
3905,-81.76
3906,-78.09
3907,-83.59
3908,-84.96
3909,-85.40
3910,-78.12
3911,-84.83
3912,-78.63
3913,-88.32
3914,-91.36
3915,-82.74
3916,-81.85
3917,-79.95
3918,-87.41
3919,-83.77
3920,-85.35
3921,-95.84
3922,-84.03
3923,-80.21
3924,-89.72
3925,-79.74
3926,-84.93
3927,-82.76
3928,-87.60
3929,-89.69
3930,-77.31
3931,-79.07
3932,-74.26
3933,-88.21
3934,-81.82
3935,-85.58
3936,-89.80
3937,-80.00
3938,-86.00
3939,-76.93
3940,-77.10
3941,-86.49
3942,-88.46
3943,-80.98
3944,-87.76
3945,-84.37
3946,-90.71
3947,-75.94
3948,-73.79
3949,-79.16
3950,-81.76
3951,-89.37
3952,-93.90
3953,-86.57
3954,-88.16
3955,-77.58
3956,-81.71
3957,-80.75
3958,-82.07
3959,-89.83
3960,-92.02
3961,-90.14
3962,-81.48
3963,-90.10
3964,-88.80
3965,-91.97
3966,-81.78
3967,-73.59
3968,-83.48
3969,-77.05
3970,-82.77
3971,-86.23
3972,-80.57
3973,-87.80
3974,-94.37
3975,-81.82
3976,-80.55
3977,-86.49
3978,-90.51
3979,-87.86
3980,-87.64
3981,-88.75
3982,-82.41
3983,-89.30
3984,-81.15
3985,-95.13
3986,-96.07
3987,-85.21
3988,-77.12
3989,-83.93
3990,-78.19
3991,-80.12
3992,-77.33
3993,-90.01
3994,-81.63
3995,-86.68
3996,-84.02
3997,-85.45
3998,-91.67
3999,-80.66
4000,-90.69
4001,-80.66
4002,-88.00
4003,-86.28
4004,-86.01
4005,-83.15
4006,-81.63
4007,-78.39
4008,-79.78
4009,-84.55
4010,-88.49
4011,-83.70
4012,-82.19
4013,-80.52
4014,-87.59
4015,-89.73
4016,-81.89
4017,-76.04
4018,-80.81
4019,-86.78
4020,-80.93
4021,-80.89
4022,-77.41
4023,-78.66
4024,-82.77
4025,-97.18
4026,-91.55
4027,-81.88
4028,-85.35
4029,-77.86
4030,-91.28
4031,-91.43
4032,-88.50
4033,-93.96
4034,-93.54
4035,-81.49
4036,-89.06
4037,-89.29
4038,-79.50
4039,-81.20
4040,-76.57
4041,-78.74
4042,-88.66
4043,-87.28
4044,-78.13
4045,-85.10
4046,-77.01
4047,-86.46
4048,-95.62
4049,-74.41
4050,-87.69
4051,-88.84
4052,-86.61
4053,-91.39
4054,-84.87
4055,-75.78
4056,-82.38
4057,-78.16
4058,-84.54
4059,-75.51
4060,-87.51
4061,-93.17
4062,-91.69
4063,-83.18
4064,-78.85
4065,-85.49
4066,-86.82
4067,-79.79
4068,-81.86
4069,-92.30
4070,-77.06
4071,-84.73
4072,-86.06
4073,-86.89
4074,-91.11
4075,-86.34
4076,-79.53
4077,-81.72
4078,-92.91
4079,-77.08
4080,-81.75
4081,-78.78
4082,-85.87
4083,-79.68
4084,-82.69
4085,-86.50
4086,-88.38
4087,-85.54
4088,-90.62
4089,-82.42
4090,-81.04
4091,-89.46
4092,-95.30
4093,-77.99
4094,-79.52
4095,-78.96
4096,-84.23
4097,-89.18
4098,-88.39
4099,-89.56
4100,-81.36
4101,-86.48
4102,-84.59
4103,-77.83
4104,-73.23
4105,-84.26
4106,-88.99
4107,-87.81
4108,-84.79
4109,-83.85
4110,-86.72
4111,-82.75
4112,-84.99
4113,-86.64
4114,-88.46
4115,-83.97
4116,-81.08
4117,-88.91
4118,-77.54
4119,-95.08
4120,-83.72
4121,-78.62
4122,-84.62
4123,-94.60
4124,-85.75
4125,-83.93
4126,-78.72
4127,-80.88
4128,-89.61
4129,-89.33
4130,-91.15
