0,-7.190509752671313
1,-46.62776127438634
2,-53.80530367391726
3,-18.43478295343501
4,-45.171448718421246
5,-59.52140101493637
6,-65.5019777175527
7,-12.535830397259872
8,-50.183897673147236
9,-62.710674592234746
10,-69.17488543501375
11,-54.45081601442956
12,-41.59120154650626
13,-64.27973280233002
14,-49.56095488191159
15,-46.94272471492073
16,-78.59805748047624
17,-68.80986627721178
18,-49.69414827853589
19,-49.62158778946293
20,-53.861113678454466
21,-69.56789750709537
22,-58.15268167596278
23,-64.88792380590806
24,9.859707616093651
25,-48.445367346712786
26,-48.24302711963809
27,-64.96607745364103
28,-72.48168251699065
29,-59.180515700879134
30,-61.649220147767956
31,-54.60980582804235
32,-9.789659401375895
33,-64.45761529868496
34,-66.74235743340746
35,-63.97318013239618
36,-51.364193978308506
37,-5.366958147519384
38,-53.38932699402408
39,-13.02887927775809
40,-52.5210677429918
41,-49.39105600232216
42,-55.32670853883167
43,-51.330761875169124
44,-66.84299992148676
45,-86.65636576493088
46,-73.06103413040537
47,-58.37325724658974
48,-57.78682507277079
49,-59.40482978769408
50,9.851082296244995
51,-73.865959711616
52,-66.91730189968193
53,-66.3638784567514
54,-64.96461619948612
55,-55.816108164561484
56,-50.76672532074296
57,-0.46672204257202665
58,-44.395284613192516
59,-61.84350230011624
60,-60.98159149868035
61,-56.7876765919925
62,-57.520452483098346
63,-61.926917875967675
64,-66.36590832025352
65,-60.726637426548336
66,-59.54268924390836
67,-3.877456225834414
68,-39.738684911792106
69,-70.05204982882671
70,-60.95856149214869
71,-65.35807397658375
72,-46.964583652765825
73,12.190723289551574
74,-59.71684845887813
75,-42.584782516552174
76,-48.38052561061185
77,-46.537391604904926
78,-52.865203993148
79,-52.30143295131584
80,-35.066447846879726
81,-57.422237276362466
82,-62.57415449092109
83,-59.915347869020636
84,-39.83337716172593
85,-56.6226479150843
86,-62.40089783973645
87,-52.88358158251347
88,-56.90424985543146
89,-73.01176855041028
90,-60.8349231325107
91,-55.427446676821624
92,-59.834631606510335
93,-55.669816551991495
94,-53.16174643489861
95,-55.94186064446591
96,-53.675441517795974
97,-7.639602704197342
98,-50.700505883511795
99,-57.85403562595817
100,-53.11542553360597
101,-57.8839108598564
102,-51.36561253594442
103,-39.662999950121964
104,-48.353794299696844
105,-63.42745871897388
106,2.5910122299160214
107,-56.86290719346403
108,-65.51636162253764
109,-45.338417346688615
110,-68.81124949775611
111,-68.22404791633907
112,9.88014176754818
113,-51.655632880425294
114,-61.88003622917996
115,-60.29246564952222
116,-61.495525389467794
117,-54.850321107011794
118,-53.00505216384352
119,-55.9534484479108
120,-49.90141023324921
121,-66.49384407289423
122,-51.0608090073597
123,-42.99496201052618
124,-48.937566225161454
125,-61.24636418293486
126,-63.27999368311386
127,-61.603849826760936
128,-23.284224772283494
129,-48.663821276782684
130,9.846063436290123
131,-51.198573926824025
132,-59.74136020878182
133,-53.86497526061954
134,-55.76379293795807
135,-61.96754312310102
136,-62.085094660599005
137,9.834132795430381
138,-54.83248195208745
139,-68.1592761349142
140,-48.470127572695624
141,-47.79522901536135
142,-61.22901341336841
143,-66.40762698630678
144,-46.48025296561247
145,9.86136815940752
146,-59.93290444729709
147,-59.59879235952245
148,9.87862088404081
149,-30.375306880183196
150,-40.125695014628754
151,-69.6413546155604
152,9.876471283289845
153,-60.173392125289055
154,-50.02213960052304
155,-60.043764253042475
156,-67.13403383751884
157,-51.769335077818155
158,-53.98093766960818
159,-58.06455474233115
160,-49.853512452093916
161,-51.78252298645483
162,-54.63858801576851
163,-49.40856964148812
164,-89.65535882218389
165,-68.40674845320223
166,-55.23283058218953
167,-58.24190580779872
168,-26.554667475083484
169,-70.25830649564645
170,-46.127734576752914
171,-62.08632717780942
172,-48.00862532898137
173,-63.02649148098843
174,9.849575621313328
175,-59.45339118573391
176,-62.08438944919352
177,-44.52428393869703
178,-48.73601346005041
179,-62.759726308696116
180,-56.441726990543
181,-56.38626146252339
182,-66.94274059022048
183,-60.014440990810286
184,-59.25646647755551
185,-55.231328669172825
186,-49.11690267831686
187,9.882763183943375
188,-66.09749381682164
189,-73.76287585372218
190,-72.36171001632685
191,-46.60157025780183
192,-60.21597246996386
193,-73.80392017446621
194,-55.0791553090211
195,-45.14633332271508
196,-52.01742474803757
197,-51.26804268115048
198,-11.427723993597997
199,-63.522556563991635
200,-49.1780485852608
201,-62.21786204257522
202,-57.6426764069819
203,-38.987037156530384
204,-17.877628293493977
205,-34.70267395026807
206,-48.640892616588026
207,-44.38782434989621
208,-44.39160779608707
209,-49.26003573105064
210,-42.40629040551784
211,-1.427931562050663
212,-69.75495198427876
213,-59.08147379517247
214,-51.71578977305648
215,-59.33906258681328
216,-54.68996961622294
217,-54.85657978226425
218,-43.07357788643188
219,-36.17923667831059
220,-45.94568012571691
221,-45.234827709885806
222,-59.86302692225947
223,-48.907977424434755
224,9.85109298164834
225,-57.06669843005933
226,-68.05571403028647
227,-59.084876103781596
228,-22.26752596905823
229,9.849044108638722
230,-76.07010121524532
231,-46.26645216473798
232,-60.83432133598104
233,-72.79286271467394
234,-49.077750060066776
235,-68.70421682306161
236,9.864247466538039
237,-48.781995949684756
238,-49.911540863404014
239,-74.88301957852322
240,-54.68350163890856
241,-51.15962372556315
242,-44.388113849550315
243,-59.4354631006992
244,-74.55274527723299
245,9.847728759867676
246,-72.29284317151874
247,-57.52245447017134
248,-5.150219022680664
249,-57.13895374829329
250,-45.8708628254075
251,-66.81363385104098
252,-53.09572404306718
253,-59.405644854306345
254,-66.35498266951082
255,-48.05020553139222
256,-59.02195296875711
257,-46.15484106691857
258,-68.69028176555777
259,-68.30447956040385
260,-16.672868614116453
261,-45.65644101907414
262,-57.559838158380536
263,-46.27088813462993
264,9.877721007177763
265,-51.377057739898014
266,-52.2161480588914
267,-55.02139643736633
268,-59.995659056429595
269,-7.779962903569523
270,-42.3977125266898
271,-49.70804557831236
272,-60.50761488858579
273,-56.94983008018771
274,-56.40582595085249
275,-51.764372258186285
276,-46.07008548168032
277,-45.438738294756625
278,-42.744635082212376
279,-51.657335392216254
280,-73.47923704763907
281,-67.32892216457533
282,-52.60164473719884
283,-51.163559564933635
284,-46.80226312223065
285,-59.23046493928276
286,-50.11749152660221
287,-54.05340660642859
288,-63.45492665011647
289,-50.62926403283394
290,-54.03204119072991
291,-67.25749994328034
292,-70.89670777834878
293,-60.386721738495574
294,-41.82130247874122
295,-52.17541282910585
296,9.875553559068292
297,-57.575786657938245
298,-54.6573303977675
299,-50.99778870333878
300,-52.631328819333866
301,-54.52088740310035
302,-44.72006951378651
303,-79.93945354232791
304,-48.03993733390124
305,-67.10973909051359
306,-66.69614530276489
307,-57.63968182971027
308,-53.29933230774634
309,-59.844677559575246
310,-72.32880086471766
311,-68.64542406960065
312,-44.74069979917591
313,-72.02014202007048
314,9.865139030311056
315,-51.90422650388133
316,10.293155850080318
317,-37.44414595775209
318,-70.38420733124262
319,-55.79147049656096
320,-58.068755991526984
321,9.853569626023091
322,9.84453893042602
323,-49.084000528627186
324,-57.17417564010163
325,-54.2516623699211
326,-56.104046941004874
327,-69.17172430638057
328,-42.73161040304142
329,-54.19960047312991
330,-70.12000883433902
331,-59.25262706765997
332,-53.91981415374322
333,-1.7192420912484625
334,-78.82662447617463
335,-59.362097272508656
336,-67.4302911019867
337,-63.12843717281111
338,-42.169935070415875
339,-69.63257902611308
340,-52.568833269718475
341,-49.513495914297586
342,-49.46326071222187
343,-70.79061309680024
344,9.861330512981139
345,-54.20474745200452
346,-53.191574362248716
347,-75.79040874008476
348,-63.64817739108524
349,9.842722399275768
350,-44.308864835432416
351,-50.26948354503507
352,-48.77469205422303
353,-41.72856110410136
354,-49.79326113053025
355,-73.5690285961824
356,-70.23994306275401
357,-52.94907324811001
358,-58.578203015835264
359,-47.899026924624465
360,-54.601178760688676
361,-65.38626284104669
362,-61.042466788953035
363,-62.6197020192768
364,-61.221015136398904
365,-49.365786102517404
366,-50.56722744473594
367,-56.65434070864915
368,-60.508263024336365
369,-47.86722470870768
370,-41.40456502246755
371,-61.883952181439824
372,-57.88006269316184
373,-53.07082776712866
374,-65.81627573161954
375,-41.6280519402108
376,-61.81362949389581
377,-63.085982766100926
378,-37.77075285150759
379,9.86332064899327
380,-26.14717807330206
381,-53.0024527085118
382,-66.90140259539156
383,-54.590314512789256
384,9.859004696760017
385,-65.92663479011851
386,-50.066173673884066
387,-54.74188137932071
388,-46.98729458347432
389,-46.05086770125808
390,-57.19695435181354
391,-45.930197928725384
392,-56.85301635161713
393,-40.1935777590984
394,-70.5966663598402
395,-57.886295235034886
396,-64.69842921536582
397,-45.47249989639921
398,9.893352653967494
399,-63.346391839233746
400,-63.826021770760384
401,-53.75060036419303
402,-62.984092628941
403,-81.93491522375278
404,-50.28879120646297
405,-62.62304058601934
406,-66.70543418556467
407,-63.763635060547145
408,-37.463748197151396
409,-74.12978332464088
410,-47.84286580143407
411,-59.753268922688854
412,9.856011446535085
413,-59.39576043705316
414,-52.81250011869739
415,9.869501601703744
416,-45.776887223704264
417,-54.21645194923727
418,-28.802068901692472
419,-74.95990638665083
420,9.859258634328292
421,-52.978881504665765
422,-41.943126510700964
423,-75.13924183867778
424,-70.55993223324337
425,-67.89835421660992
426,-64.2359242563784
427,-49.487840514993856
428,-49.676504710243584
429,-63.20107987396956
430,-55.476094347160085
431,-41.379394765257096
432,-48.9718315951989
433,9.845908576255407
434,-45.713589176349316
435,-50.4849639653227
436,-48.42868111575714
437,-66.58877639063822
438,-2.60693863463877
439,-69.22425108089867
440,-81.04693292877356
441,-61.155859125052686
442,-63.92828938451634
443,-72.0300275495157
444,-46.87554946382614
445,-50.15492469468636
446,-51.55477103750773
447,-63.232410515506366
448,-7.05139128050663
449,-47.341908133951996
450,-57.27854816771081
451,-60.78070098362111
452,-63.77617407520444
453,-61.32106255751945
454,-56.53569261193187
455,-61.22089517076088
456,-60.253551360394404
457,-66.9743454616294
458,-76.39954440883338
459,-60.726545839517634
460,-58.43594258278732
461,-78.15085621989735
462,-50.50808569267643
463,-54.55045812664778
464,-48.932944040452526
465,-69.46368544048833
466,-7.70202741650758
467,-74.21116664490012
468,-36.25377832942094
469,-47.9253402036995
470,-38.810640528764175
471,-57.58536626193601
472,-67.56455884537327
473,-50.47052800021365
474,-62.035381653770685
475,-71.25154631147308
476,-53.01279523278237
477,-48.9365202906171
478,-49.43169277150328
479,-46.4061077348584
480,-56.52875871388277
481,-60.237139786510454
482,-71.9804071720022
483,-75.54830566391172
484,-82.76583324853249
485,-54.09583596484649
486,-47.98658910031331
487,-69.34430171587174
488,-47.2811867985328
489,-47.07478723485666
490,-68.5745583248609
491,-39.341054723256846
492,-58.59641968882352
493,-78.95303793292351
494,-58.006332728352426
495,-51.590434126213154
496,10.317001719729536
497,-62.94683908989614
498,-52.76387376314734
499,-72.2076983055636
500,-95.123251239911
501,-65.52957783492513
502,-58.970455108123765
503,-53.60270048902596
504,-45.09718852666702
505,-65.70282271660878
506,-44.23182694735976
507,-17.238611463352544
508,-63.61550614961793
509,-45.66413466107907
510,-66.56175809080025
511,-24.635054028316567
512,9.882688401325085
513,-67.50435017718641
514,-54.17584467834197
515,-48.37866547792306
516,-55.07153877300767
517,-55.392360850969524
518,-64.96753459811247
519,-59.22476918832056
520,-16.85684296410451
521,-52.81233874559617
522,-67.94650839565892
523,-54.520092796673055
524,-53.06531870994886
525,-51.98051771123576
526,-41.31474024899247
527,-58.445798720043406
528,-59.018799480172596
529,-3.56690879885857
530,-63.32814347355996
531,-55.89400188105721
532,-56.23237264880498
533,-56.80733772081151
534,-48.63804531582761
535,-60.96572701705014
536,9.367428894588235
537,9.866855611367276
538,-37.338238728637975
539,-21.352553569830803
540,-32.82223019402532
541,-58.02260518583412
542,-55.111492154015544
543,-48.511721334160086
544,-70.676036374325
545,-56.158623448155545
546,9.88037542265602
547,-70.45243133612767
548,-35.69825460204603
549,-77.38635313073677
550,-49.6128996398924
551,-51.52677854750687
552,-72.4257475354102
553,-57.098743835862265
554,-6.799373899885825
555,-51.57200332655715
556,9.880468228075515
557,-64.65325288389245
558,-74.23233928664875
559,-59.666104211440775
560,-71.73094705073166
561,9.874960466200454
562,-38.011018591713295
563,-52.035862999057166
564,-5.781699707223977
565,-2.123874806105152
566,-61.267497930618376
567,-50.33162581345016
568,-57.78490290262737
569,9.879013876044633
570,-47.87925187186352
571,10.377132182076531
572,-53.320076271443085
573,-77.82586774459516
574,-59.541627961168246
575,-24.27003015772133
576,-76.43951142675165
577,-45.178872635820866
578,-54.109486832869834
579,-39.092197526370505
580,-55.733443948085515
581,-46.64401898292947
582,-52.19149716076059
583,-9.08837291495526
584,-51.73611888282342
585,-45.49759787598034
586,-69.0101151628853
587,-56.912336747147755
588,-48.72113711792958
589,-71.96701036804184
590,-45.094517549901596
591,-66.31816788353828
592,-60.85599372124953
593,-44.76969527717452
594,-73.70974258660439
595,-45.44721571311137
596,-2.9439000444539634
597,-5.432850252311203
598,-43.294558787247915
599,-57.99344892729547
600,-36.41872983980016
601,-49.614740392023236
602,-64.87995079070966
603,-49.783362072237374
604,-66.78828835045597
605,-68.58344009107995
606,-64.84154629872272
607,-49.852511349504496
608,-33.22778881473947
609,-63.140338147958666
610,-71.12030072225049
611,9.865611796547292
612,-51.781016313094014
613,-48.68384800836306
614,-57.58374678983293
615,-66.06316215361315
616,-50.91044167501162
617,-53.103219915098556
618,8.004590386006807
619,-48.37126605225878
620,-60.1999631756422
621,-56.80631128092383
622,-6.990228642374616
623,-72.84121501195173
624,-66.81399433189793
625,-54.04212096757969
626,-55.9112135489175
627,-64.34926849896769
628,-40.375588173684896
629,-44.10929465177071
630,-62.967272007474655
631,-56.9801120874175
632,-51.26590104672023
633,-47.5452356465851
634,-46.35598847055763
635,-53.09974185260582
636,-46.8554542612931
637,-52.75809830809958
638,-44.178848821695105
639,-58.96888887424664
640,-52.772801725054556
641,-64.90276190629802
642,-10.956566688423074
643,-54.924860181383856
644,-50.662855544510364
645,-54.24542603391434
646,-69.80278348931441
647,-69.21572853230495
648,-51.42054727721835
649,-67.10831774735419
650,-57.25017055332451
651,-45.800254466890756
652,-56.48512886755864
653,-55.27260860501974
654,-47.092457685692985
655,-54.411637688207634
656,-60.32351821756885
657,-56.09168638310723
658,-79.72191762440103
659,-34.10119147839652
660,-52.94306481802047
661,-46.62960383193999
662,-74.06536689990553
663,-54.48106274021028
664,-78.77246538981117
665,-70.6926236318351
666,-56.295505546731306
667,-78.896746750386
668,-59.808942474452714
669,-48.83144443220028
670,-62.64886178339356
671,-62.099379789994074
672,-52.573119852231244
673,-59.46190865297043
674,-60.84888938985522
675,-48.87872258058311
676,-59.355796379582536
677,-64.75335218539199
678,-49.72928175702287
679,9.881935273372585
680,-51.824831854508496
681,-59.47331462558487
682,-50.008563906387856
683,-51.80624397189713
684,-70.00432801472903
685,-66.28940029089397
686,-45.49252714688274
687,-52.04554062265718
688,-47.1571071539998
689,-65.88742198389333
690,-56.59635709422009
691,-72.50952600922822
692,-59.14680657363406
693,-64.87052811836583
694,-63.64169988968246
695,-62.93750323203097
696,-67.12831300590855
697,-53.677021619619985
698,-53.15924285997706
699,-66.0197185742085
700,-54.88382281054962
701,-56.8116811670804
702,-49.02431287776089
703,-40.79761338436568
704,-58.52047238523847
705,9.87817253328386
706,9.882534213657088
707,-4.26591247869966
708,-63.72271615424237
709,-52.39342318578442
710,-63.08361668705285
711,-70.20658690806609
712,-58.815194470333005
713,-60.70183405333663
714,-69.36738327385194
715,-55.06438734162662
716,-63.92870244437144
717,-54.535425938612384
718,-68.76998843535563
719,-53.77056198833563
720,-48.876614073763086
721,-47.69303957298204
722,-32.40716407010961
723,-0.325646409782399
724,-60.31735576688014
725,-43.88634896013182
726,-52.271614939133144
727,-53.81717510441285
728,9.1787100563368
729,-39.92200471436585
730,-56.39205991592645
731,-50.122517169523285
732,9.869772903306457
733,-51.28810954150201
734,-59.18101931750989
735,-47.23343145118105
736,-43.086689092411696
737,-61.04601837966401
738,-57.06654696571481
739,-47.803805704506985
740,-44.314294916015264
741,-72.14919696479075
742,-45.28586156544589
743,-61.796768647662674
744,-50.91745937039721
745,-53.584537512550526
746,-45.08651611555287
747,9.877271966042578
748,-36.756967181326445
749,-11.691153896683264
750,-33.706176638879995
751,-53.22001237294194
752,-71.97502503545267
753,-40.8062168641682
754,-51.35632681950143
755,-50.00742059119633
756,-49.23166657215928
757,-17.379777192549504
758,-4.896085179841015
759,-44.52398225897384
760,-51.60438306302502
761,-66.71382163427948
762,-46.14874155846886
763,-51.91546181622823
764,-13.619597285102781
765,-66.91966990573893
766,-67.9256872886318
767,-79.50146117222219
768,-70.22431821030257
769,-72.02099573245063
770,-56.17230501767878
771,-69.26975009136551
772,-45.81010276715421
773,-57.316663242797624
774,-62.45717542592799
775,-59.79296392680557
776,-65.05053045128882
777,-71.51517002591699
778,-61.020168592544294
779,-75.07872676660897
780,9.860409940709433
781,-67.30715136041164
782,-52.72666279415428
783,-75.47434775279335
784,-63.39366687581557
785,-44.71155035333979
786,-68.29572795941591
787,9.857133555928613
788,-41.083040687594426
789,-80.67900609453962
790,-74.46476216228679
791,-49.38181452538962
792,-49.30019052337638
793,-22.39543971347446
794,-55.2395833871207
795,-56.99607711324762
796,-64.10587575274398
797,-63.19324991046667
798,-55.791128889616225
799,-56.119386094973166
800,-66.11476874821363
801,-64.02008403042666
802,-47.82636681461451
803,-34.290747450189876
804,-38.340881734422
805,-51.88627390688405
806,-46.234933976860695
807,-62.87968281917345
808,-53.87010266747744
809,-53.813370943530366
810,-57.73010719071386
811,-53.80950293495331
812,-60.17731730762017
813,-50.29701856836591
814,-63.82171061782384
815,9.876168422869476
816,-73.39295294208476
817,-70.6553229831496
818,-39.85270012799603
819,-56.29292819141959
820,-60.222440970978106
821,-56.167862679027394
822,-62.12804240222719
823,-57.85377429264952
824,-69.64745323311799
825,-61.39837752000034
826,-43.526981103337704
827,-8.315581908489138
828,-47.87081590581674
829,9.875753531794915
830,-50.89020003974988
831,-60.33850682786457
832,-78.18979959885758
833,-45.68704651584806
834,-60.477901030791244
835,-63.88982790985144
836,-51.1234481127895
837,9.861511314825124
838,9.846702499668861
839,-2.418983597041338
840,-72.43340038986675
841,-58.704202621481116
842,-46.433874805347244
843,-61.84160315811787
844,-56.316376845333195
845,-49.479809268185846
846,-56.28026893176914
847,-49.083103373797044
848,-63.261873419521194
849,13.134211176123422
850,-74.35860043918557
851,-38.3060803790901
852,9.040750433744906
853,10.06608349679313
854,-61.32089292677767
855,-63.901464596303356
856,-45.916971540866875
857,-76.03013134675989
858,-57.03532627421043
859,-52.807100280335135
860,-68.68902543196944
861,-15.49360233089946
862,-54.09035376999893
863,-61.64900439046037
864,-48.7419157994548
865,-54.32097724097115
866,-62.698454834479385
867,-67.28272266181064
868,-4.522057187181115
869,-47.01536407531837
870,-51.26181485483747
871,-38.59226588105508
872,-57.56785474561974
873,-48.888354680077605
874,-59.63138312048367
875,-46.82166781939527
876,-53.65366696455735
877,-49.735549524539394
878,-48.976269709956654
879,-72.4518478801847
880,-58.235156469712955
881,-61.92506402385872
882,-75.49337828841715
883,-38.91962307832
884,-62.602270583936445
885,-30.524120045267647
886,-50.47490865489786
887,-49.01918968293171
888,-60.64169684590594
889,-69.70502286677622
890,-56.579223496429115
891,-57.22839605211407
892,-45.2434199357322
893,-75.3491813029964
894,9.880722353978284
895,-67.77745507648487
896,-58.78702588119444
897,-69.36657496581813
898,-6.547736194559791
899,-58.85371430448469
900,-50.00789921286712
901,-65.62751839292368
902,-54.97150784941417
903,-49.301082288878526
904,-53.48603476970502
905,-48.22043814954042
906,-52.50285465635164
907,-60.17309216080067
908,-44.654368255732074
909,-85.99153065962159
910,-19.26839999318388
911,-41.87623510270558
912,-65.89787165226791
913,-68.37556425805462
914,-44.185518614264126
915,-57.75782701410217
916,-47.707867872848254
917,-56.28205525774902
918,-50.75623973859608
919,9.866514018066367
920,-68.50469602172474
921,-64.46427789370024
922,-70.09238934971843
923,-54.7820528480196
924,-67.99046087885212
925,-48.28222486165445
926,-47.353145285902414
927,-73.39842626090436
928,-66.29848723129875
929,9.862254292577385
930,-60.970757968338745
931,-56.1135282021963
932,-50.697900304584884
933,-71.25480597981921
934,-65.8932584983137
935,-52.770974843911375
936,-49.33214858677347
937,-63.15724167074447
938,9.882118425869127
939,-40.22468472658902
940,-36.95703020850957
941,-49.59191567356251
942,-66.79472330202344
943,9.865574329098667
944,-56.29833506428069
945,-59.703611282382404
946,-40.98544615767151
947,-56.41132721670749
948,-50.58806186216059
949,-75.25876310549134
950,-56.18643229202475
951,-43.5765404729373
952,-51.59488505777753
953,-55.98225908514388
954,-45.06014299560548
955,-55.61021022928165
956,-56.87980371247198
957,-34.976271992758
958,-23.544162142958953
959,-48.67559419812616
960,-37.512574455916635
961,-40.206039662481906
962,-50.94668279193313
963,-5.669395563270835
964,-52.05027583257178
965,-52.901021542767715
966,-54.63975821158509
967,-62.66223063597746
968,-45.634114558584656
969,-67.72207185641366
970,-65.10267728463069
971,-73.80650310501649
972,-55.948393194426885
973,-61.41579689640853
974,0.8469029511890369
975,-53.296949368429296
976,-64.83334619175429
977,-51.25013329622262
978,9.879536035144707
979,-43.75704344217206
980,-62.0753108145028
981,-19.663843507609883
982,-47.37148999114438
983,-66.86213114263047
984,-52.34222977613509
985,-55.05404555709148
986,-62.020969645267044
987,-41.32124128812353
988,-50.07500584924452
989,-47.67591646751938
990,-60.975331341817586
991,-55.167913780721506
992,-59.45441523988088
993,-55.06006830169733
994,-56.79169959896715
995,-65.36259809980882
996,-57.73809924826292
997,-54.40467637540924
998,-64.84962933621881
999,-65.30096375275545
1000,-52.011130180359686
1001,-22.100954207126872
1002,-61.21052839424764
1003,-64.54958547048152
1004,-59.49143731828451
1005,-65.09299174249273
1006,-43.02367996992957
1007,-69.52459259680968
1008,-56.052020123998325
1009,-53.1398978556566
1010,-56.525085561185584
1011,-12.111111807306564
1012,-61.27970507595671
1013,-38.08425749134464
1014,-48.53814624034025
1015,-45.96271698975393
1016,-58.737156693105845
1017,-59.49463208414335
1018,-6.534175948046049
1019,-54.808887234102926
1020,6.108264899621478
1021,-56.544199776946215
1022,-44.46785912547549
1023,-55.46767069603658
1024,-73.3089583804616
1025,-50.92154842043918
1026,-42.86986900131603
1027,-65.69473308853911
1028,-66.16220818742896
1029,-50.92603471184905
1030,-61.1316017972735
1031,-76.20623117468864
1032,-62.068458630674954
1033,-47.09373196189396
1034,-57.54636111841934
1035,-43.74615150889406
1036,-61.58850188594262
1037,-12.179970389890503
1038,-68.95636227712603
1039,-68.77768858419331
1040,-49.850492104963465
1041,-3.2811909652144173
1042,-61.47830743521297
1043,-63.59422404578005
1044,-58.76430224023275
1045,-58.46641642998014
1046,-38.5568996406299
1047,-74.88949128064024
1048,-5.466703908565432
1049,-45.067223450191705
1050,-52.71551537402371
1051,-52.148134428508186
1052,-55.97947507864317
1053,-44.703244751741245
1054,-40.4811654103325
1055,-46.18214695038863
1056,-56.726412732455536
1057,-50.508167731103704
1058,-63.749476198211475
1059,-65.29832685764583
1060,-54.16405898641226
1061,-64.63590520315768
1062,-49.271541119430026
1063,-46.24296669255948
1064,9.856716221588472
1065,-62.37565128983278
1066,10.293897870612586
1067,-66.1539646021619
1068,-49.32087865574309
1069,-69.54044685454761
1070,-1.4759589887231854
1071,-68.07039763944557
1072,-59.64453484821567
1073,-55.17778505979992
1074,-71.3907985713678
1075,-50.54602125787006
1076,-78.96911714120444
1077,-56.10889457938767
1078,-21.2569937467282
1079,-54.409124561357295
1080,-52.80678830281176
1081,-47.57850298641136
1082,-58.17651867438851
1083,-42.74639643430879
1084,-61.80794017403878
1085,-68.44677791197105
1086,-36.82602842160552
1087,13.724472253824715
1088,-62.82081479942334
1089,9.892109636064006
1090,-2.6557682279313224
1091,-54.2173698937961
1092,-57.917043974775616
1093,-63.648533568848364
1094,-23.627238004225493
1095,-50.31741550806382
1096,-7.957163310387898
1097,-47.066242098297494
1098,-62.179040775389495
1099,-13.720416072318288
1100,-47.885959889029735
1101,-45.70934061066723
1102,9.86310944193075
1103,10.482779599372464
1104,-62.44170834763526
1105,-54.904596054912695
1106,-60.8094022314944
1107,-42.61327079111033
1108,-73.42580296474456
1109,10.347740485789306
1110,-39.913392518938004
1111,-67.93139804289035
1112,9.858660870340218
1113,-45.290541026845915
1114,-44.274522652017374
1115,-66.86924798075366
1116,-52.296790078193816
1117,-42.54480591826466
1118,9.870487704763958
1119,-0.9975615898864305
1120,-49.43018066562019
1121,-37.20737305729943
1122,9.865104321103013
1123,-47.46355477131708
1124,-46.02825135417944
1125,-46.91506686488907
1126,-54.59349047563468
1127,-52.87209112939018
1128,9.878398463521323
1129,9.864720900664606
1130,-7.417988511564879
1131,9.873971954895145
1132,-60.343144016587615
1133,-37.62738829029685
1134,-50.93644591619785
1135,9.85982474502747
1136,-49.94112502795078
1137,-51.1835729242157
1138,-54.439458910918574
1139,-58.19150597117012
1140,-45.38412939025463
1141,-47.00170355727575
1142,-62.79253855511401
1143,-50.656720211939934
1144,-63.59823575855231
1145,-58.382178251973045
1146,-63.793250474577405
1147,-63.24881935290347
1148,-62.435485737769554
1149,-50.24525231659177
1150,-54.41553362876193
1151,-49.68562119442771
1152,-65.32743959466767
1153,-70.86019536035656
1154,-57.56747630649572
1155,-62.419866344103696
1156,-38.65817473593711
1157,-50.404084283619554
1158,-50.4425053018388
1159,-67.01279078476163
1160,-76.39732457553407
1161,-43.49656574086744
1162,-49.30135930042362
1163,-63.343554944837116
1164,-50.74043673559334
1165,-56.31509148543991
1166,-75.98498739252749
1167,-58.658747995620196
1168,-56.36401329322577
1169,-65.76890558720976
1170,-42.85564684437212
1171,-58.8343814809508
1172,-68.00198367699443
1173,-55.85412949802255
1174,-52.454556246464776
1175,-33.07543216703723
1176,-55.2088494514964
1177,-64.95422320484268
1178,-47.73398115749869
1179,-59.96112319439009
1180,-45.755260166437616
1181,-76.8163965876497
1182,-49.3601543891155
1183,-48.97093336623679
1184,-66.60673713609674
1185,-65.44787088801792
1186,-64.65466533033423
1187,-67.93621423834742
1188,-50.05610612102109
1189,-45.22753761740691
1190,-49.816444116668315
1191,-51.911989594274516
1192,-63.22310767465137
1193,-51.294598717386066
1194,-54.45254710952033
1195,-9.242908965986361
1196,-53.84880032234238
1197,-49.6287868279704
1198,-27.84651197479792
1199,-66.75600394992642
1200,-62.922848282783335
1201,-49.37387026646441
1202,-58.255059994807624
1203,-46.11632149280179
1204,-62.66646835311612
1205,-54.67391978779537
1206,-63.25282383712201
1207,-59.3721493014043
1208,-49.464938135869424
1209,-69.22354269018577
1210,-47.92057229975561
1211,9.869725775012274
1212,-57.38716434944893
1213,-66.81261571639124
1214,-2.9725403575540437
1215,3.663703841827676
1216,-53.5520445867111
1217,-52.181285093952134
1218,-46.056659621608695
1219,-47.87307983809258
1220,-49.7435146902973
1221,-51.07384773300408
1222,-54.51659726028823
1223,-63.35726764665774
1224,-48.854937172824584
1225,-44.39282890972026
1226,-23.270717353508203
1227,-63.66379647387067
1228,-68.09562570139973
1229,-44.90820932410623
1230,-7.646976469130411
1231,-27.473153020589226
1232,-56.778837073946995
1233,-40.21554441991289
1234,-47.74638444646125
1235,-74.54750135092165
1236,-35.11248828920275
1237,-61.305031399107904
1238,-10.86952915703007
1239,-52.06916566205607
1240,-56.25230357979125
1241,-41.5072319563697
1242,-50.58713760966864
1243,-59.92808309034994
1244,-62.28962796905546
1245,-44.69592549752908
1246,-40.599620728400076
1247,-57.46525553000262
1248,-50.2825414431475
1249,-64.83221733317674
1250,-46.66506173584877
1251,-49.58214488495635
1252,-50.79981492617402
1253,-66.5951795359461
1254,-55.22258484992128
1255,9.859079168144142
1256,-54.23255636071036
1257,-47.320240217920905
1258,-59.69299408938731
1259,-19.99461921419907
1260,-59.21959076052351
1261,-49.18149565207537
1262,-51.904547580140566
1263,-42.104558770815
1264,-47.63067490879928
1265,-51.967610875820455
1266,-51.12064447466982
1267,-54.023843001160486
1268,-66.06773637358948
1269,-6.450080626555723
1270,-58.88686696931981
1271,-43.04200297029741
1272,-47.46727267304546
1273,-77.79634361973662
1274,-58.84860766973219
1275,-62.47933298330988
1276,-61.92793470229861
1277,-47.00512889059334
1278,-54.01962734499441
1279,9.85642142674637
1280,-52.106507924667966
1281,-62.26712029856616
1282,-15.197650588872419
1283,-67.83167038236249
1284,-62.2764344497919
1285,-40.27161122422153
1286,-47.36341488122527
1287,-65.98938179842553
1288,-65.76968491555255
1289,-51.72579857789275
1290,-70.61769119618366
1291,9.862925470230799
1292,-67.87305289180708
1293,-54.23597707412721
1294,-66.67936552042657
1295,-44.30316417457946
1296,-45.453282799064304
1297,-49.93373680805761
1298,-65.37295480716845
1299,-56.38074245941661
1300,-58.66416224059804
1301,-61.41194850529556
1302,-44.47530405418163
1303,-77.53176900181288
1304,9.87146197993712
1305,-71.82977204065975
1306,-46.900619537420994
1307,-58.6581810768436
1308,-80.85392799115742
1309,-46.50753356930573
1310,-47.21404291199554
1311,-71.69648282776433
1312,-50.48339095736541
1313,-46.79545453183387
1314,-61.294780420984225
1315,9.851308714169553
1316,-59.88852466075571
1317,9.853245566248782
1318,-59.917642848610306
1319,-69.44226123501066
1320,-48.625078108757776
1321,-9.495278886175536
1322,9.878939197499495
1323,-40.031366056339074
1324,-48.60404069529966
1325,9.872571462710741
1326,-34.0822940174052
1327,-78.00628329712413
1328,9.868485462213053
1329,-73.72818223841006
1330,-50.049787365854584
1331,-55.492170459332996
1332,-50.772726721756676
1333,-54.35842355493314
1334,-61.66964126995794
1335,-63.60098509466782
1336,-64.58943486857731
1337,-48.8205794643765
1338,9.85777441563516
1339,-62.11360122252824
1340,-55.498460178119565
1341,-49.88594003707889
1342,12.502315402184397
1343,-69.07254094133025
1344,-49.698046545252815
1345,-66.26949084356856
1346,-52.078716118303596
1347,9.875433842984743
1348,-66.08982849703699
1349,-49.00330880092125
1350,-41.34867260307724
1351,-8.284603330536207
1352,-63.65333798021768
1353,-40.717061843697934
1354,-63.423765175786805
1355,-50.52861912430958
1356,-62.50323205719053
1357,-40.275266116677884
1358,9.885250901418349
1359,-41.83436456275581
1360,-51.59534630873656
1361,-40.61891320508381
1362,-48.11558611776506
1363,-49.97606293758347
1364,-46.67784551081672
1365,-4.108476660137529
1366,-49.08039456536224
1367,-64.57731447990574
1368,-57.349533732683575
1369,-56.95972135482964
1370,-59.26398308176219
1371,-41.50519292062161
1372,-13.043912551355776
1373,-15.645379952557752
1374,-46.25291004161221
1375,-48.10011756988327
1376,-66.8225780769093
1377,-68.8153529815387
1378,-15.806829800064081
1379,-38.120366069732206
1380,-56.88013271933168
1381,-64.10289128473396
1382,-45.025379371337515
1383,-52.611189291176814
1384,-60.27564175580257
1385,-50.47386788797193
1386,-62.302711633621556
1387,-2.348573816812442
1388,-54.84712613810312
1389,-30.433116498946724
1390,-38.60280929217101
1391,-52.710960076103646
1392,-43.58591200918928
1393,-46.006545969539
1394,-33.973845414215205
1395,-72.04916461112904
1396,-50.54373772804247
1397,-47.892721092090575
1398,-50.595870328897085
1399,-64.86425676461374
1400,-61.28833491194416
1401,-62.76994770748236
1402,-53.14251399388562
1403,-59.45649730906674
1404,-67.47783445237081
1405,9.871285561028628
1406,-51.3700262142512
1407,-50.45713501754784
1408,-70.81493945898848
1409,-55.526731341272026
1410,-60.68511704645307
1411,-48.47710549448666
1412,-65.71305844121503
1413,-44.83792533425169
1414,-61.935733393602014
1415,-63.627672353343804
1416,-55.219767242581284
1417,-68.0926809819537
1418,-51.17033015210653
1419,-65.46581440196009
1420,-29.370014959835377
1421,-64.51477511082967
1422,-40.280648411993546
1423,-75.91106629666645
1424,-58.56854434236019
1425,-55.83344380389371
1426,-51.91391961242487
1427,-45.11864289134818
1428,-48.43082383585938
1429,-49.89341073032014
1430,-51.86885333462534
1431,-17.910600994500516
1432,-3.328493225389819
1433,9.879697867178157
1434,-54.245254414514534
1435,-46.938213109993555
1436,-38.08010455667058
1437,-46.58419018782463
1438,-66.10654746397692
1439,9.851819601758953
1440,-47.254425491099845
1441,-67.48764023846584
1442,-46.77156248093901
1443,-5.339197703921236
1444,-67.49822910155632
1445,-47.31963509295193
1446,-59.832890497697065
1447,-66.51103924812588
1448,-18.554005238672765
1449,-51.3254244418607
1450,-70.95713620301215
1451,-11.035509357033554
1452,-68.61482599433951
1453,9.858207483406611
1454,-37.34815032976936
1455,-59.98426351335519
1456,-64.49361622571107
1457,-48.50502668628459
1458,-59.900001681267405
1459,-50.179004334123825
1460,-54.29788755036332
1461,-54.04739487839872
1462,9.86128186806046
1463,9.875173966205198
1464,-49.9378027382015
1465,-42.79259315202702
1466,9.857585342061782
1467,-60.708978996947344
1468,-55.76638183331208
1469,-43.45260756798186
1470,-59.334347978209024
1471,-38.70786164362238
1472,-29.349967691151136
1473,9.858013203054716
1474,-50.0756157410571
1475,-44.67723040209279
1476,-70.80378099423466
1477,7.232540934358251
1478,9.87122474778195
1479,-44.950395821964555
1480,-47.266090712402324
1481,-44.466451611324715
1482,-48.02771813215102
1483,-53.06146544217567
1484,-58.986190986505676
1485,-68.1717199111284
1486,-55.442492846676046
1487,-50.71961152722897
1488,-57.19078053566577
1489,-41.96589997135597
1490,-39.38492162150523
1491,-50.79446301068799
1492,-63.48733035319651
1493,-57.101500764810304
1494,-74.97530077593338
1495,-49.36472535258762
1496,-53.62194884323218
1497,-48.48787411804837
1498,-42.768169163424396
1499,-60.604400726105716
1500,-19.656352917894644
1501,-11.304095238633957
1502,-44.33427167988561
1503,-19.02756137899424
1504,-46.112957855525224
1505,-52.58309738839901
1506,-69.13004618934569
1507,-45.31368180853996
1508,-52.436349388998416
1509,-61.7963998110719
1510,-42.375902624524194
1511,-52.69869932131887
1512,-45.91507437797064
1513,-47.34331605395728
1514,-46.1749425410391
1515,-48.53785817957576
1516,-50.55878951763968
1517,-38.862337592057244
1518,-29.36832869136805
1519,-53.10217884761434
1520,-67.36780552805729
1521,-65.97478092294267
1522,-48.09235032590416
1523,-56.48070833849983
1524,9.850608207322672
1525,-56.66066900649554
1526,-78.70739100511302
1527,-58.347864593499345
1528,-37.863925910566444
1529,-42.95792869974021
1530,-8.769944509250347
1531,-51.77341718447098
1532,-61.78192977759748
1533,-57.363235373443736
1534,-74.25825456638736
1535,-62.42093302058985
1536,-66.3349664031102
1537,-55.71968438213573
1538,-62.71494823181038
1539,-14.184761074205399
1540,-62.64342184345708
1541,-48.82543784466585
1542,-54.48549213236896
1543,-49.03064947744841
1544,-50.333249995528256
1545,-54.50555906282214
1546,-63.534459348425486
1547,-46.04870354627032
1548,-45.314213019423
1549,-58.76180826217118
1550,11.04227250243147
1551,-76.38735593354563
1552,-51.0798710567052
1553,-47.266883286011186
1554,-63.17370447176914
1555,-44.49444737913553
1556,-51.88147091611948
1557,-57.67867601567363
1558,-51.026960376367846
1559,-63.8995247096329
1560,-66.51064386537843
1561,-58.51156093383959
1562,-74.53876047309171
1563,-64.84965044510068
1564,-61.633046654482136
1565,-78.73120301899625
1566,-66.18697653336523
1567,9.874204833971724
1568,-56.601029052672054
1569,-57.85043996741195
1570,-58.765776227740446
1571,-67.33363572508955
1572,-66.01856760567487
1573,-41.27736250226938
1574,-60.67485544976058
1575,-50.25235609522568
1576,-48.15773274521467
1577,-48.650974111101824
1578,-55.54506808547945
1579,-45.828481916246766
1580,-54.32432559896777
1581,-63.31598589497922
1582,-55.8795611178001
1583,-50.79047423073166
1584,-47.843186694673186
1585,-74.49021893327561
1586,-56.082408072096655
1587,-68.49096666614876
1588,-57.988317918894396
1589,-67.03528682725162
1590,-71.59123248973583
1591,-72.64864650052938
1592,-47.16960263157426
1593,-69.08197226306659
1594,-3.8774373122683974
1595,-55.53433762186851
1596,-67.88684922695843
1597,-56.27990448439222
1598,-48.467188756986786
1599,-80.07179586938952
1600,-55.529814799817686
1601,-78.5846592046637
1602,-55.05424250120876
1603,-69.14971891474792
1604,-61.47083255345321
1605,-67.3403116445976
1606,-76.25171676464242
1607,-65.86932732027043
1608,9.870104741492783
1609,9.866851241153125
1610,-50.42232813629918
1611,-49.95533044104642
1612,-49.73838016326745
1613,-49.38750484551551
1614,-47.43428693156003
1615,-59.38706177679427
1616,-70.76990042026574
1617,-57.2628437549936
1618,-47.63228943870544
1619,-53.082918577683635
1620,-85.81788757619555
1621,-67.60009620370677
1622,-45.08508052109868
1623,-36.5230101734986
1624,-53.73881329878278
1625,-47.14618990196184
1626,-54.2660887441675
1627,-43.73194401722808
1628,-48.59339359531347
1629,-61.06390479244047
1630,9.852737353304539
1631,-66.28344115721411
1632,-66.91706589618039
1633,-67.73802707069079
1634,-50.17125024535481
1635,-47.253611362630075
1636,-54.20709046688823
1637,-38.17648056757583
1638,-69.22693788697491
1639,-56.989207825344444
1640,-33.47557086035672
1641,-62.25791084120447
1642,-63.893465442849475
1643,-66.59914528811466
1644,-44.52702977995325
1645,-59.801522415525874
1646,-60.18680961429277
1647,-61.696640067427
1648,-58.768806084632836
1649,-47.626145164577615
1650,-38.514306371910486
1651,-48.577202520065434
1652,-61.320113192321465
1653,-79.90219102774414
1654,-58.304301130053446
1655,-52.499428256674186
1656,-49.77277391315485
1657,-64.18004740792995
1658,-48.78211923473213
1659,-78.57045338033844
1660,-64.64157909379607
1661,-57.119225646748646
1662,-49.7714943990789
1663,-64.98301931516008
1664,-64.794643229375
1665,-45.021230836766904
1666,-50.4637447687533
1667,-51.88890696489501
1668,-75.82473730781582
1669,-73.15615456558912
1670,-66.26155202603367
1671,-59.46802817804019
1672,-43.23876351010689
1673,-83.88349183854874
1674,-53.45173953341718
1675,-46.409993917691885
1676,-69.33711803094097
1677,-68.40187390653334
1678,-71.59788216754684
1679,-73.0151746979305
1680,-50.7028686207118
1681,-82.07477747085196
1682,-60.07533898369284
1683,-55.4943224803337
1684,-63.566857841799745
1685,-58.528722258258234
1686,-58.95409731693257
1687,-50.015657947566325
1688,-62.09918830902798
1689,-70.63409957092732
1690,-58.32384468294566
1691,-67.6395569694218
1692,-51.407099287676225
1693,-52.837043733606514
1694,-65.56047487146114
1695,-54.88550430569275
1696,-59.81995322756469
1697,-47.75388700465694
1698,-56.68403436042496
1699,-52.28396396353375
1700,-54.871104319896766
1701,-65.62059106732808
1702,-62.428943078983686
1703,-51.12445812683205
1704,-60.08178598504902
1705,-62.35328628104129
1706,-52.77963440712464
1707,-55.981892456038594
1708,-55.32463814884695
1709,-60.85046382482637
1710,-60.34725233785552
1711,-53.844982316303714
1712,-58.25401591677851
1713,-62.77086272482093
1714,-48.878132983100606
1715,-67.80969046319609
1716,-65.63003625154558
1717,-57.76840353882979
1718,-59.85881577875781
1719,-64.59061207572407
1720,-61.30816924314928
1721,-58.84811293580874
1722,-49.68315933595174
1723,-51.795460468252905
1724,-52.989486368120765
1725,-52.02952164275856
1726,-2.1538173375353487
1727,-60.709036437166944
1728,-69.29618688306388
1729,-44.022611974775
1730,-82.22951705379525
1731,-53.77928081424102
1732,-55.00452953632172
1733,-53.25958385556291
1734,-68.7397868400328
1735,-51.196422836419266
1736,-55.63772545640883
1737,-49.27393607002735
1738,-63.379527563871704
1739,-47.162708988246564
1740,-55.004726745121175
1741,-63.38744919547071
1742,-65.42384517990644
1743,-51.34797460826863
1744,-61.7340956729416
1745,-57.39436391841522
1746,-51.66935926780849
1747,-46.347621127435296
1748,-58.78825336909392
1749,-56.24310496469786
1750,-60.060628893648655
1751,-55.634010769653024
1752,-45.103382656541974
1753,-60.616625730989696
1754,-49.12417422397766
1755,-76.5549538238208
1756,-54.97708226106341
1757,-52.523882885422374
1758,-57.86727000961625
1759,-43.64944163498051
1760,-48.637241527317954
1761,-56.846278848724225
1762,-49.60415340083913
1763,-68.00116590103049
1764,-52.80018761136556
1765,-79.79147093445461
1766,-76.7036475588065
1767,-52.0880533074981
1768,-49.04175716003631
1769,-60.9811611780773
1770,-55.05964650339945
1771,-59.07038605863052
1772,-52.611312264031454
1773,-53.14252870463876
1774,-61.48261452570522
1775,-65.52297951019368
1776,-72.66773525715269
1777,-21.742309131568394
1778,-50.19241633105211
1779,9.864210931192764
1780,-51.91340734216301
1781,-64.41143794795127
1782,-49.73637350117154
1783,-58.29951831139028
1784,10.992307449055781
1785,-48.44241241767305
1786,-46.63429033351756
1787,-54.464761433015035
1788,-68.49981797188853
1789,-75.01064776567877
1790,-66.82152399106046
1791,-55.07324881403544
1792,-42.94636196148881
1793,-52.96010908497834
1794,-51.80051153161016
1795,-51.97850220018933
1796,-64.3514122683585
1797,-54.03896772578097
1798,-45.591351838383666
1799,9.877191076076203
1800,-68.52158126770966
1801,-58.866729115197515
1802,-46.01399510110729
1803,-48.95336669184815
1804,-30.575652522369865
1805,-40.50023470558097
1806,-56.09212518746502
1807,-46.21446720964026
1808,-40.11855383467713
1809,-46.96330281356556
1810,-77.36507238295067
1811,-50.71843989083132
1812,-29.865107421284904
1813,-63.303156584027526
1814,-17.980669566111317
1815,-52.51361137596274
1816,-45.44669922227283
1817,-46.426330014413594
1818,-17.48624734051502
1819,-43.30122305818822
1820,-52.40943893908974
1821,-64.98546503676138
1822,-53.84313656312621
1823,-51.95978615736125
1824,-42.539563247811415
1825,-59.95226552047937
1826,-57.192609190558706
1827,-52.20601128393382
1828,-44.31435271561449
1829,-43.04240478162228
1830,-46.65988958182989
1831,-61.68275238143742
1832,-56.61306648365983
1833,-49.1242232525384
1834,-60.585480345938095
1835,-48.16349389171444
1836,-56.37022451841854
1837,9.909479436735229
1838,-50.45275320012831
1839,4.632187505095297
1840,-43.95051339358968
1841,-17.159516413525793
1842,-82.15574674960835
1843,9.867639886291869
1844,-66.53838769336063
1845,-66.60134086012239
1846,-58.098968535262685
1847,-74.74819639913662
1848,-46.24758387862673
1849,-45.89364616780657
1850,-64.27209857828153
1851,-56.44149594790502
1852,-49.489391874252696
1853,-66.87042925588109
1854,-41.341013556951054
1855,-62.70433948005562
1856,-72.32333828215367
1857,-65.42092610728238
1858,-43.972306631615524
1859,-48.51334793092127
1860,-61.719590739173306
1861,-47.09608386202799
1862,-57.25581075927746
1863,-57.18206639520164
1864,-73.29376019010785
1865,7.451438341501698
1866,-52.39673971759136
1867,-58.15997432929255
1868,-41.25020974146721
1869,-9.92728835284022
1870,-68.90360403930038
1871,-7.941562698853145
1872,-49.52480249945344
1873,-48.14242267838146
1874,-57.30167537537023
1875,9.863114639562744
1876,-56.553361546036164
1877,11.179846468303282
1878,-50.223441177899545
1879,-57.19776920150493
1880,-55.189690344549376
1881,-59.41433782520629
1882,-46.502728273399995
1883,-46.880589707082315
1884,-71.8123542212443
1885,-62.444989724254135
1886,-47.55282743643866
1887,-62.00766854665927
1888,-64.28301226413244
1889,-51.109576369256104
1890,-37.96901920398549
1891,-51.07251285333129
1892,-55.825866332994124
1893,-71.32645627248232
1894,-50.517961929032765
1895,-56.491372852454624
1896,-36.265452508883875
1897,-57.258953680820106
1898,-65.84491520036953
1899,-49.19522084435005
1900,-45.293286315763986
1901,-71.5510396577035
1902,-45.349278276975475
1903,-62.09204218464664
1904,-46.339528258406126
1905,-8.184161521034444
1906,-51.4668371380142
1907,-30.35029695882519
1908,-43.52301151274494
1909,-69.77254958032223
1910,9.87933907981538
1911,9.882509775308264
1912,-14.686670428965323
1913,-61.3687572300674
1914,-38.51655597163992
1915,-59.99682842340553
1916,-49.858329796885826
1917,-46.00445765750945
1918,-58.437428183865414
1919,-9.317790922650167
1920,10.380315119972437
1921,-50.84186076226324
1922,-45.65998590212445
1923,-63.26862129029183
1924,-7.192602603280035
1925,-37.134790829275424
1926,-47.13995956088301
1927,-49.23345304622001
1928,-63.857331989362294
1929,-65.79999836959041
1930,-49.03945051169335
1931,-57.35602628724216
1932,-67.58319446396027
1933,-46.46696570666042
1934,-41.980729956975594
1935,-44.694890382561375
1936,-29.787503583600348
1937,-15.218548214073037
1938,-58.96163239256491
1939,-66.10713846282123
1940,-48.391374434371066
1941,-41.92202013214379
1942,-57.18806158687773
1943,9.850479191548523
1944,-67.58858206904938
1945,-59.85099735898433
1946,-49.48174094620127
1947,-54.279187470643144
1948,-55.49285672303077
1949,-60.73746052251209
1950,-75.73421383926976
1951,-57.309944594625506
1952,-51.145962726628575
1953,-58.99389112202024
1954,-47.88394059044304
1955,-55.06516499907851
1956,-63.2299275227758
1957,10.174371026489688
1958,-52.60997674828413
1959,-57.260949904114966
1960,-39.61016616602218
1961,-56.7608159162015
1962,-64.17350943454458
1963,-49.48632855937362
1964,-41.74450092407212
1965,-46.972198010028194
1966,9.884012105247784
1967,-50.48705317134066
1968,-37.133936973533054
1969,-62.329270928232056
1970,10.677166942950283
1971,-53.76840029807214
1972,-58.82320770130299
1973,-68.24663547341864
1974,-52.06850718463231
1975,-42.87217013566326
1976,-47.09853482983583
1977,0.8298426092081268
1978,-62.15607672401706
1979,-44.762612198086906
1980,-38.04509037241174
1981,-39.83285070493257
1982,-56.81890665071577
1983,-52.56002877614556
1984,-58.94628893900465
1985,-75.61518017422826
1986,-47.22698437571328
1987,-48.146201021416076
1988,-54.800670918377556
1989,-56.39118375773014
1990,-64.08187196560307
1991,-46.05846054015367
1992,-47.36623155051853
1993,-72.73508256585275
1994,-49.87601778653309
1995,-52.40262763485352
1996,-59.15767202700229
1997,-46.4466385315211
1998,-52.84732180919651
1999,-22.254824508058583
2000,-64.07778051033638
2001,-53.475027554788845
2002,-51.74700929550816
2003,-58.66966375422578
2004,-70.31279212507015
2005,-63.328336984767795
2006,-58.035340668879954
2007,-21.970753827041268
2008,-65.09268543474282
2009,-5.722670575502708
2010,-59.09886026881817
2011,-37.179232902381464
2012,-64.43320327485031
2013,-50.66960314731862
2014,-59.146337786908255
2015,-58.35735072747433
2016,-53.90796986367552
2017,-61.67092457399498
2018,-52.111445737286104
2019,-47.75337786618073
2020,-41.33875269801282
2021,-61.88318338182587
2022,-63.01465410725128
2023,-51.557210967424254
2024,-65.37840719106478
2025,-44.1997297317926
2026,-63.64898046652275
2027,-59.45004614311129
2028,-53.49370949768438
2029,-7.723116784101789
2030,-86.95360053871276
2031,-52.27678294754755
2032,-8.000532861206146
2033,-68.36780471831274
2034,-58.013079255530776
2035,-59.02339188985092
2036,9.871800206765673
2037,-70.38325155771251
2038,9.866274641432895
2039,-6.5672681414185154
2040,-59.459824791096544
2041,-29.69568476235489
2042,-64.34228510365485
2043,-43.996149180424666
2044,-8.477947462715813
2045,-66.91338816824096
2046,-61.42597930430698
2047,-57.1668321797268
2048,-50.46272551333589
2049,-58.164949831376454
2050,-64.46444170705162
2051,-66.91303333181594
2052,-57.23032736145807
2053,-59.28447587487324
2054,-30.128343163694563
2055,-52.4547656869444
2056,-63.61063789653153
2057,-74.83542043571866
2058,-71.0502263515509
2059,-48.92129063542308
2060,9.871595933753804
2061,-64.89709168832346
2062,13.60372920881003
2063,-46.777258423075324
2064,-56.84579221623967
2065,-63.61346078228122
2066,-51.83076639403646
2067,-51.841604271756
2068,-46.87898589985468
2069,-63.625951591268745
2070,-3.0901685453766468
2071,-60.982130374712455
2072,9.866446760643244
2073,-58.027260136284006
2074,9.861265502895282
2075,-62.86830261049296
2076,-65.10489914109031
2077,-63.23960570668642
2078,-53.828486590249106
2079,-62.96314628179821
2080,-40.1856836060899
2081,-48.656771244472594
2082,-57.84534067069507
2083,-43.09142968390609
2084,-42.8485636417088
2085,-56.08306103215614
2086,-46.97290671116349
2087,-47.515319374789186
2088,-76.98091269487982
2089,-41.3542097779155
2090,-71.93791964596922
